generation,min_fitness
1,45.29294539727021
2,44.74769120008832
3,43.546335573679364
4,42.787983701338355
5,41.76198677622697
6,41.76198677622697
7,40.156131269017806
8,40.156131269017806
9,38.255833875248314
10,37.60093805081507
11,37.48618659567106
12,36.453612048945025
13,36.453612048945025
14,35.72736601454987
15,35.43492376723162
16,35.43492376723162
17,35.162599976102186
18,34.979493935548355
19,34.979493935548355
20,34.38161492669079
21,34.198508886136956
22,34.198508886136956
23,33.94477646029203
24,33.38233341058498
25,33.38233341058498
26,33.23565944734438
27,33.23565944734438
28,33.04062770852438
29,32.72746680495589
30,32.72746680495589
31,32.63260877571532
32,32.41818603708988
33,31.41068359349235
34,31.41068359349235
35,31.13451499810491
36,30.25857176631194
37,29.935538116307924
38,29.916597595141617
39,29.60164411043374
40,29.152802589490168
41,28.677376450508934
42,28.677376450508934
43,28.314617493059004
44,28.244170818616073
45,27.04737379396994
46,27.04737379396994
47,27.04737379396994
48,26.38587211419546
49,26.09894268282617
50,26.09894268282617
51,26.00445027588023
52,26.00445027588023
53,25.93972810201382
54,25.93972810201382
55,25.794018460952305
56,25.794018460952305
57,25.794018460952305
58,25.794018460952305
59,25.780523346853
60,25.780523346853
61,25.621983754670897
62,25.621983754670897
63,25.564945977493316
64,25.564945977493316
65,25.512150969411632
66,25.350589550022693
67,25.350589550022693
68,25.350589550022693
69,25.350589550022693
70,25.299993164020083
71,25.102977070544803
72,25.102977070544803
73,24.974071073270558
74,24.974071073270558
75,24.974071073270558
76,24.64990123123019
77,24.379243841263822
78,24.379243841263822
79,24.379243841263822
80,24.379243841263822
81,24.106192541097787
82,24.106192541097787
83,24.106192541097787
84,23.650867129086148
85,23.650867129086148
86,23.55657156005227
87,23.55657156005227
88,23.55657156005227
89,23.528949502649436
90,23.42596621534059
91,22.998873826613245
92,22.998873826613245
93,22.8597236638602
94,22.678172941651535
95,22.678172941651535
96,22.613162904585415
97,22.367347852698323
98,22.367347852698323
99,22.18144685028597
100,22.18144685028597
101,22.0483263455423
102,22.0483263455423
103,22.02656203064051
104,21.89800383864283
105,21.660075685289705
106,21.660075685289705
107,21.544560037298634
108,21.544560037298634
109,21.295926873402344
110,21.295926873402344
111,21.295926873402344
112,21.288825738323954
113,21.288825738323954
114,21.288825738323954
115,21.288825738323954
116,21.288825738323954
117,21.288825738323954
118,21.288825738323954
119,21.288825738323954
120,21.288825738323954
121,21.26237775412417
122,21.208205465021532
123,21.092164885317253
124,21.092164885317253
125,20.98978029711304
126,20.963332312913256
127,20.963332312913256
128,20.963332312913256
129,20.963332312913256
130,20.963332312913256
131,20.963332312913256
132,20.963332312913256
133,20.963332312913256
134,20.963332312913256
135,20.963332312913256
136,20.963332312913256
137,20.963332312913256
138,20.963332312913256
139,20.963332312913256
140,20.963332312913256
141,20.963332312913256
142,20.903914753119142
143,20.903914753119142
144,20.903914753119142
145,20.860716426741615
146,20.770337145841342
147,20.770337145841342
148,20.609781061004572
149,20.603438542820587
150,20.550238536539904
151,20.550238536539904
152,20.38121933583756
153,20.38121933583756
154,20.339468168515694
155,20.339468168515694
156,20.235003508699794
157,20.175891872383726
158,19.988924909285227
159,19.988924909285227
160,19.988924909285227
161,19.988924909285227
162,19.988924909285227
163,19.988924909285227
164,19.988924909285227
165,19.988924909285227
166,19.75139797000016
167,19.53999008517609
168,19.53999008517609
169,19.53999008517609
170,19.51411859253829
171,19.51411859253829
172,19.51411859253829
173,19.418014531261516
174,19.418014531261516
175,19.39567406988682
176,19.299570008610047
177,19.276811160176607
178,19.276811160176607
179,19.158366637525134
180,19.158366637525134
181,19.158366637525134
182,19.158366637525134
183,19.158366637525134
184,19.158366637525134
185,19.158366637525134
186,19.158366637525134
187,19.158366637525134
188,19.158366637525134
189,19.158366637525134
190,19.158366637525134
191,19.136205697335242
192,18.97964882342977
193,18.97964882342977
194,18.733441607886146
195,18.733441607886146
196,18.733441607886146
197,18.733441607886146
198,18.733441607886146
199,18.456946894556165
200,18.456946894556165
201,18.456946894556165
202,18.456946894556165
203,18.444706097861204
204,18.444706097861204
205,18.390529740613907
206,18.390529740613907
207,18.378288943918946
208,18.378288943918946
209,18.378288943918946
210,18.378288943918946
211,18.378288943918946
212,18.378288943918946
213,18.378288943918946
214,18.378288943918946
215,18.272758064010404
216,18.272758064010404
217,18.272758064010404
218,18.272758064010404
219,18.272758064010404
220,18.272758064010404
221,18.272758064010404
222,18.272758064010404
223,18.007325891783783
224,18.007325891783783
225,18.007325891783783
226,17.73510304917742
227,17.73510304917742
228,17.73510304917742
229,17.73510304917742
230,17.67494874796793
231,17.67494874796793
232,17.67494874796793
233,17.67494874796793
234,17.619696383069176
235,17.619696383069176
236,17.619696383069176
237,17.60021362971709
238,17.470037480752122
239,17.470037480752122
240,17.339378762604397
241,17.339378762604397
242,17.013719942288056
243,17.013719942288056
244,16.99423718893597
245,16.99423718893597
246,16.834759565441342
247,16.834759565441342
248,16.78213740720044
249,16.78213740720044
250,16.78213740720044
251,16.673357636336178
252,16.673357636336178
253,16.345546002779432
254,16.345546002779432
255,16.296646194531117
256,16.296646194531117
257,16.296646194531117
258,16.257882497580674
259,16.257882497580674
260,16.257882497580674
261,16.257882497580674
262,16.257882497580674
263,16.2483291053777
264,16.2483291053777
265,16.2483291053777
266,16.125487626532752
267,16.125487626532752
268,16.125487626532752
269,16.084958502257233
270,16.084958502257233
271,16.084958502257233
272,16.084958502257233
273,16.084958502257233
274,16.084958502257233
275,16.084958502257233
276,16.084958502257233
277,16.084958502257233
278,16.084958502257233
279,16.084958502257233
280,16.084958502257233
281,16.027310884157103
282,16.027310884157103
283,16.027310884157103
284,15.958266985751365
285,15.951028489110243
286,15.91854761200935
287,15.875723889472535
288,15.875723889472535
289,15.843243012371643
290,15.832478996605863
291,15.832478996605863
292,15.832478996605863
293,15.832478996605863
294,15.800385891823103
295,15.800385891823103
296,15.800385891823103
297,15.800385891823103
298,15.800385891823103
299,15.800385891823103
300,15.604756259468305
301,15.543760092625888
302,15.543760092625888
303,15.495670907744012
304,15.481987569084513
305,15.433898384202637
306,15.433898384202637
307,15.393142848283334
308,15.393142848283334
309,15.393142848283334
310,15.385026933367838
311,15.377896630525841
312,15.377896630525841
313,15.311493139312683
314,15.304362836470686
315,15.304362836470686
316,15.304362836470686
317,15.242405589031897
318,15.231102474029232
319,15.174039837226445
320,15.174039837226445
321,15.174039837226445
322,15.174039837226445
323,15.174039837226445
324,15.174039837226445
325,15.174039837226445
326,15.174039837226445
327,15.174039837226445
328,15.174039837226445
329,15.103590245955324
330,15.103590245955324
331,15.103590245955324
332,15.103590245955324
333,15.103590245955324
334,15.0967422839751
335,15.0967422839751
336,15.0967422839751
337,15.0967422839751
338,15.0967422839751
339,15.0967422839751
340,15.0967422839751
341,15.0967422839751
342,15.0967422839751
343,15.0967422839751
344,15.0967422839751
345,15.0967422839751
346,15.0967422839751
347,15.0967422839751
348,15.045199718923143
349,15.045199718923143
350,15.045199718923143
351,15.045199718923143
352,15.045199718923143
353,15.023535445079276
354,15.023535445079276
355,15.023535445079276
356,15.023535445079276
357,15.023535445079276
358,15.023535445079276
359,15.023535445079276
360,15.023535445079276
361,15.023535445079276
362,15.023535445079276
363,15.018009699563558
364,15.010989624485408
365,15.010989624485408
366,15.010989624485408
367,14.973460151356354
368,14.973460151356354
369,14.902555177990152
370,14.902555177990152
371,14.88689119811297
372,14.88689119811297
373,14.88689119811297
374,14.88689119811297
375,14.863222812394422
376,14.863222812394422
377,14.863222812394422
378,14.863222812394422
379,14.863222812394422
380,14.863222812394422
381,14.863222812394422
382,14.863222812394422
383,14.762856721421263
384,14.762856721421263
385,14.762856721421263
386,14.762856721421263
387,14.762856721421263
388,14.762856721421263
389,14.762856721421263
390,14.762856721421263
391,14.762856721421263
392,14.762856721421263
393,14.762856721421263
394,14.762856721421263
395,14.762856721421263
396,14.762856721421263
397,14.762856721421263
398,14.762856721421263
399,14.762856721421263
400,14.762856721421263
401,14.762856721421263
402,14.762856721421263
403,14.762856721421263
404,14.698934043211244
405,14.698934043211244
406,14.698934043211244
407,14.698934043211244
408,14.698934043211244
409,14.698934043211244
410,14.698934043211244
411,14.698934043211244
412,14.698934043211244
413,14.698934043211244
414,14.698934043211244
415,14.698934043211244
416,14.698934043211244
417,14.698934043211244
418,14.613623047791426
419,14.60867499830402
420,14.60867499830402
421,14.60867499830402
422,14.60867499830402
423,14.60867499830402
424,14.58371638343703
425,14.58371638343703
426,14.571524570464744
427,14.571524570464744
428,14.571524570464744
429,14.532306870159195
430,14.532306870159195
431,14.532306870159195
432,14.513892087323104
433,14.513892087323104
434,14.513892087323104
435,14.459663189842063
436,14.459663189842063
437,14.459663189842063
438,14.459663189842063
439,14.459663189842063
440,14.459663189842063
441,14.459663189842063
442,14.459663189842063
443,14.459663189842063
444,14.400347903655225
445,14.400347903655225
446,14.400347903655225
447,14.400347903655225
448,14.400347903655225
449,14.400347903655225
450,14.38691382956168
451,14.38691382956168
452,14.373281399126865
453,14.35984732503332
454,14.35984732503332
455,14.35984732503332
456,14.35984732503332
457,14.35984732503332
458,14.35984732503332
459,14.35984732503332
460,14.35984732503332
461,14.35984732503332
462,14.35984732503332
463,14.35984732503332
464,14.35984732503332
465,14.280953252924176
466,14.280953252924176
467,14.280953252924176
468,14.107883499896092
469,14.107883499896092
470,14.107883499896092
471,13.970445721868268
472,13.970445721868268
473,13.970445721868268
474,13.970445721868268
475,13.970445721868268
476,13.970445721868268
477,13.970445721868268
478,13.970445721868268
479,13.918544853561391
480,13.842652850986367
481,13.842652850986367
482,13.842652850986367
483,13.842652850986367
484,13.842652850986367
485,13.842652850986367
486,13.842652850986367
487,13.842652850986367
488,13.842652850986367
489,13.842652850986367
490,13.842652850986367
491,13.842652850986367
492,13.842652850986367
493,13.842652850986367
494,13.842652850986367
495,13.842652850986367
496,13.842652850986367
497,13.842652850986367
498,13.65582086948911
499,13.65582086948911
500,13.65582086948911
501,13.65582086948911
502,13.65582086948911
503,13.65582086948911
504,13.65582086948911
505,13.65582086948911
506,13.65582086948911
507,13.65582086948911
508,13.65582086948911
509,13.65582086948911
510,13.65582086948911
511,13.65582086948911
512,13.65582086948911
513,13.65582086948911
514,13.65582086948911
515,13.65582086948911
516,13.65582086948911
517,13.65582086948911
518,13.65582086948911
519,13.65582086948911
520,13.65582086948911
521,13.65582086948911
522,13.65582086948911
523,13.65582086948911
524,13.65582086948911
525,13.65582086948911
526,13.65582086948911
527,13.65582086948911
528,13.65582086948911
529,13.65582086948911
530,13.54508144621886
531,13.54508144621886
532,13.54508144621886
533,13.54508144621886
534,13.54508144621886
535,13.541235252147269
536,13.541235252147269
537,13.541235252147269
538,13.503393752401914
539,13.503393752401914
540,13.503393752401914
541,13.503393752401914
542,13.503393752401914
543,13.503393752401914
544,13.503393752401914
545,13.503393752401914
546,13.503393752401914
547,13.503393752401914
548,13.503393752401914
549,13.503393752401914
550,13.503393752401914
551,13.385141662173753
552,13.385141662173753
553,13.385141662173753
554,13.385141662173753
555,13.385141662173753
556,13.385141662173753
557,13.385141662173753
558,13.385141662173753
559,13.385141662173753
560,13.385141662173753
561,13.385141662173753
562,13.365697021664223
563,13.365697021664223
564,13.365697021664223
565,13.365697021664223
566,13.365697021664223
567,13.365697021664223
568,13.365697021664223
569,13.365697021664223
570,13.365697021664223
571,13.299236518841996
572,13.299236518841996
573,13.299236518841996
574,13.299236518841996
575,13.299236518841996
576,13.27289690721052
577,13.27289690721052
578,13.265976914342554
579,13.265976914342554
580,13.265976914342554
581,13.265976914342554
582,13.265976914342554
583,13.265976914342554
584,13.265976914342554
585,13.265976914342554
586,13.265976914342554
587,13.265976914342554
588,13.265976914342554
589,13.265976914342554
590,13.239940916685686
591,13.239940916685686
592,13.230939420742155
593,13.230939420742155
594,13.230939420742155
595,13.230939420742155
596,13.230738787660956
597,13.202364327120366
598,13.202364327120366
599,13.202364327120366
600,13.202364327120366
601,13.202364327120366
602,13.202364327120366
603,13.202364327120366
604,13.202364327120366
605,13.202364327120366
606,13.202364327120366
607,13.202364327120366
608,13.202364327120366
609,13.202364327120366
610,13.202364327120366
611,13.097848974696733
612,13.097848974696733
613,13.052048403307062
614,13.019423618520188
615,12.973623047130516
616,12.965710805034696
617,12.965710805034696
618,12.965710805034696
619,12.965710805034696
620,12.965710805034696
621,12.965710805034696
622,12.965710805034696
623,12.965710805034696
624,12.965710805034696
625,12.965710805034696
626,12.952139441003652
627,12.952139441003652
628,12.952139441003652
629,12.952139441003652
630,12.952139441003652
631,12.952139441003652
632,12.952139441003652
633,12.952139441003652
634,12.952139441003652
635,12.952139441003652
636,12.952139441003652
637,12.952139441003652
638,12.952139441003652
639,12.952139441003652
640,12.952139441003652
641,12.952139441003652
642,12.870289409439195
643,12.870289409439195
644,12.870289409439195
645,12.870289409439195
646,12.870289409439195
647,12.870289409439195
648,12.870289409439195
649,12.870289409439195
650,12.792482152696765
651,12.792482152696765
652,12.792482152696765
653,12.792482152696765
654,12.792482152696765
655,12.792482152696765
656,12.792482152696765
657,12.792482152696765
658,12.792482152696765
659,12.792482152696765
660,12.792482152696765
661,12.792482152696765
662,12.792482152696765
663,12.792482152696765
664,12.792482152696765
665,12.792482152696765
666,12.792482152696765
667,12.792482152696765
668,12.792482152696765
669,12.792482152696765
670,12.792482152696765
671,12.649208973456266
672,12.649208973456266
673,12.649208973456266
674,12.620701289493178
675,12.583860392055458
676,12.583860392055458
677,12.583860392055458
678,12.583860392055458
679,12.583860392055458
680,12.583860392055458
681,12.583860392055458
682,12.583860392055458
683,12.583860392055458
684,12.583860392055458
685,12.583860392055458
686,12.583860392055458
687,12.583860392055458
688,12.583860392055458
689,12.583860392055458
690,12.583860392055458
691,12.583860392055458
692,12.583860392055458
693,12.583860392055458
694,12.583860392055458
695,12.583860392055458
696,12.583782353890014
697,12.583782353890014
698,12.583782353890014
699,12.583782353890014
700,12.55790583577402
701,12.55790583577402
702,12.55790583577402
703,12.55790583577402
704,12.484255267702151
705,12.453158952368462
706,12.453158952368462
707,12.453158952368462
708,12.453158952368462
709,12.453158952368462
710,12.453158952368462
711,12.453158952368462
712,12.453158952368462
713,12.453158952368462
714,12.453158952368462
715,12.453158952368462
716,12.453158952368462
717,12.453158952368462
718,12.381047848115895
719,12.381047848115895
720,12.381047848115895
721,12.381047848115895
722,12.381047848115895
723,12.381047848115895
724,12.227488745376201
725,12.227488745376201
726,12.227488745376201
727,12.227488745376201
728,12.227488745376201
729,12.227488745376201
730,12.227488745376201
731,12.227488745376201
732,12.227488745376201
733,12.159260680063754
734,12.159260680063754
735,12.152184145738495
736,12.083956080426049
737,12.083956080426049
738,12.083956080426049
739,12.04605925444963
740,12.04605925444963
741,12.04605925444963
742,12.04605925444963
743,12.04605925444963
744,11.889209738829768
745,11.889209738829768
746,11.889209738829768
747,11.889209738829768
748,11.889209738829768
749,11.889209738829768
750,11.889209738829768
751,11.889209738829768
752,11.889209738829768
753,11.889209738829768
754,11.889209738829768
755,11.889209738829768
756,11.854190653044412
757,11.854190653044412
758,11.826545449453098
759,11.791526363667739
760,11.791526363667739
761,11.791526363667739
762,11.774750035445724
763,11.774750035445724
764,11.623520527600803
765,11.623520527600803
766,11.623520527600803
767,11.623520527600803
768,11.606744199378786
769,11.606744199378786
770,11.606744199378786
771,11.606744199378786
772,11.606744199378786
773,11.606744199378786
774,11.606744199378786
775,11.606744199378786
776,11.606744199378786
777,11.606744199378786
778,11.606744199378786
779,11.606744199378786
780,11.606744199378786
781,11.606744199378786
782,11.606744199378786
783,11.606744199378786
784,11.606744199378786
785,11.51612728771265
786,11.51612728771265
787,11.447937527085497
788,11.447937527085497
789,11.447937527085497
790,11.447937527085497
791,11.447937527085497
792,11.447937527085497
793,11.447937527085497
794,11.447937527085497
795,11.447937527085497
796,11.447937527085497
797,11.447937527085497
798,11.447937527085497
799,11.447937527085497
800,11.447937527085497
801,11.447937527085497
802,11.447937527085497
803,11.447937527085497
804,11.447937527085497
805,11.447937527085497
806,11.447937527085497
807,11.447937527085497
808,11.447937527085497
809,11.447937527085497
810,11.447937527085497
811,11.447937527085497
812,11.447937527085497
813,11.447937527085497
814,11.447937527085497
815,11.447937527085497
816,11.162397067691426
817,11.162397067691426
818,11.162397067691426
819,11.162397067691426
820,11.162397067691426
821,11.162397067691426
822,11.162397067691426
823,11.162397067691426
824,11.162397067691426
825,11.159694631910284
826,11.159694631910284
827,11.148158555460528
828,11.148158555460528
829,11.148158555460528
830,11.148158555460528
831,11.148158555460528
832,11.148158555460528
833,11.148158555460528
834,11.148158555460528
835,11.148158555460528
836,11.148158555460528
837,11.148158555460528
838,11.148158555460528
839,11.148158555460528
840,11.148158555460528
841,11.148158555460528
842,11.126490510001723
843,11.126490510001723
844,11.126490510001723
845,11.126490510001723
846,11.126490510001723
847,11.126490510001723
848,11.126490510001723
849,11.126490510001723
850,11.126490510001723
851,11.126490510001723
852,11.126490510001723
853,11.126490510001723
854,11.126490510001723
855,11.126490510001723
856,11.126490510001723
857,11.126490510001723
858,11.126490510001723
859,11.126490510001723
860,11.126490510001723
861,11.126490510001723
862,11.126490510001723
863,11.126490510001723
864,11.126490510001723
865,11.126490510001723
866,11.126490510001723
867,11.126490510001723
868,11.126490510001723
869,11.126490510001723
870,11.126490510001723
871,11.126490510001723
872,11.126490510001723
873,11.126490510001723
874,11.126490510001723
875,11.126490510001723
876,11.126490510001723
877,11.126490510001723
878,11.126490510001723
879,11.126490510001723
880,11.126490510001723
881,11.126490510001723
882,11.126490510001723
883,11.126490510001723
884,11.126490510001723
885,11.126490510001723
886,11.126490510001723
887,11.126490510001723
888,11.126490510001723
889,11.126490510001723
890,11.126490510001723
891,11.126490510001723
892,11.126490510001723
893,11.126490510001723
894,11.126490510001723
895,11.126490510001723
896,11.126490510001723
897,11.126490510001723
898,11.126490510001723
899,11.126490510001723
900,11.126490510001723
901,11.049985555635319
902,11.01485021372303
903,11.01485021372303
904,10.938345259356625
905,10.928730260068523
906,10.928730260068523
907,10.922793016733847
908,10.922793016733847
909,10.913178017445743
910,10.913178017445743
911,10.913178017445743
912,10.913178017445743
913,10.913178017445743
914,10.883355518548345
915,10.883355518548345
916,10.883355518548345
917,10.883355518548345
918,10.883355518548345
919,10.883355518548345
920,10.883355518548345
921,10.883355518548345
922,10.883355518548345
923,10.883355518548345
924,10.883355518548345
925,10.883355518548345
926,10.883355518548345
927,10.883355518548345
928,10.883355518548345
929,10.883355518548345
930,10.883355518548345
931,10.883355518548345
932,10.883355518548345
933,10.883355518548345
934,10.883355518548345
935,10.883355518548345
936,10.883355518548345
937,10.883355518548345
938,10.883355518548345
939,10.883355518548345
940,10.883355518548345
941,10.883355518548345
942,10.883355518548345
943,10.883355518548345
944,10.883355518548345
945,10.883355518548345
946,10.883355518548345
947,10.883355518548345
948,10.883355518548345
949,10.883355518548345
950,10.883355518548345
951,10.883355518548345
952,10.883355518548345
953,10.883355518548345
954,10.883355518548345
955,10.883355518548345
956,10.883355518548345
957,10.883355518548345
958,10.883355518548345
959,10.883355518548345
960,10.883355518548345
961,10.883355518548345
962,10.883355518548345
963,10.883355518548345
964,10.883355518548345
965,10.883355518548345
966,10.883355518548345
967,10.883355518548345
968,10.883355518548345
969,10.883355518548345
970,10.883355518548345
971,10.883355518548345
972,10.883355518548345
973,10.883355518548345
974,10.883355518548345
975,10.883355518548345
976,10.883355518548345
977,10.883355518548345
978,10.883355518548345
979,10.87994926751659
980,10.87994926751659
981,10.87994926751659
982,10.87994926751659
983,10.87994926751659
984,10.87994926751659
985,10.87994926751659
986,10.87994926751659
987,10.87994926751659
988,10.87994926751659
989,10.87994926751659
990,10.87994926751659
991,10.87994926751659
992,10.87994926751659
993,10.87994926751659
994,10.87994926751659
995,10.87994926751659
996,10.87994926751659
997,10.87994926751659
998,10.87994926751659
999,10.87994926751659
1000,10.87994926751659
1001,10.87994926751659
1002,10.87994926751659
1003,10.87994926751659
1004,10.87994926751659
1005,10.87994926751659
1006,10.87994926751659
1007,10.87994926751659
1008,10.87994926751659
1009,10.87994926751659
1010,10.87994926751659
1011,10.87994926751659
1012,10.87994926751659
1013,10.87994926751659
1014,10.87994926751659
1015,10.87994926751659
1016,10.87994926751659
1017,10.87994926751659
1018,10.801028998433008
1019,10.801028998433008
1020,10.783634042380129
1021,10.783634042380129
1022,10.783634042380129
1023,10.783634042380129
1024,10.783634042380129
1025,10.783634042380129
1026,10.783634042380129
1027,10.783634042380129
1028,10.783634042380129
1029,10.783634042380129
1030,10.783634042380129
1031,10.783634042380129
1032,10.783634042380129
1033,10.783634042380129
1034,10.783634042380129
1035,10.783634042380129
1036,10.783634042380129
1037,10.783634042380129
1038,10.783634042380129
1039,10.783634042380129
1040,10.783634042380129
1041,10.783634042380129
1042,10.783634042380129
1043,10.783634042380129
1044,10.764711078460664
1045,10.764711078460664
1046,10.764711078460664
1047,10.764711078460664
1048,10.764711078460664
1049,10.764711078460664
1050,10.764711078460664
1051,10.764711078460664
1052,10.764711078460664
1053,10.727462568667084
1054,10.727462568667084
1055,10.727462568667084
1056,10.727462568667084
1057,10.727462568667084
1058,10.727462568667084
1059,10.727462568667084
1060,10.679515260850739
1061,10.677926960367335
1062,10.677926960367335
1063,10.677926960367335
1064,10.677926960367335
1065,10.677926960367335
1066,10.677926960367335
1067,10.677926960367335
1068,10.677926960367335
1069,10.677926960367335
1070,10.677926960367335
1071,10.677926960367335
1072,10.677926960367335
1073,10.677926960367335
1074,10.677926960367335
1075,10.677926960367335
1076,10.677926960367335
1077,10.677926960367335
1078,10.677926960367335
1079,10.677926960367335
1080,10.677926960367335
1081,10.677926960367335
1082,10.677926960367335
1083,10.677926960367335
1084,10.677926960367335
1085,10.677926960367335
1086,10.677926960367335
1087,10.677926960367335
1088,10.677926960367335
1089,10.677926960367335
1090,10.677926960367335
1091,10.677926960367335
1092,10.669478337399166
1093,10.669478337399166
1094,10.669478337399166
1095,10.669478337399166
1096,10.669478337399166
1097,10.669478337399166
1098,10.669478337399166
1099,10.669478337399166
1100,10.669478337399166
1101,10.669478337399166
1102,10.669478337399166
1103,10.669478337399166
1104,10.669478337399166
1105,10.669478337399166
1106,10.669478337399166
1107,10.669478337399166
1108,10.669478337399166
1109,10.669478337399166
1110,10.669478337399166
1111,10.669478337399166
1112,10.669478337399166
1113,10.669478337399166
1114,10.669478337399166
1115,10.669478337399166
1116,10.669478337399166
1117,10.669478337399166
1118,10.669478337399166
1119,10.669478337399166
1120,10.669478337399166
1121,10.669478337399166
1122,10.669478337399166
1123,10.669478337399166
1124,10.669478337399166
1125,10.669478337399166
1126,10.669478337399166
1127,10.669478337399166
1128,10.669478337399166
1129,10.669478337399166
1130,10.669478337399166
1131,10.669478337399166
1132,10.669478337399166
1133,10.669478337399166
1134,10.669478337399166
1135,10.669478337399166
1136,10.56437628088418
1137,10.56437628088418
1138,10.492707516059104
1139,10.492707516059104
1140,10.492707516059104
1141,10.492707516059104
1142,10.492707516059104
1143,10.492707516059104
1144,10.492707516059104
1145,10.492707516059104
1146,10.492707516059104
1147,10.492707516059104
1148,10.492707516059104
1149,10.492707516059104
1150,10.492707516059104
1151,10.492707516059104
1152,10.492707516059104
1153,10.492707516059104
1154,10.492707516059104
1155,10.492707516059104
1156,10.492707516059104
1157,10.492707516059104
1158,10.492707516059104
1159,10.492707516059104
1160,10.492707516059104
1161,10.492707516059104
1162,10.492707516059104
1163,10.492707516059104
1164,10.492707516059104
1165,10.492707516059104
1166,10.492707516059104
1167,10.492707516059104
1168,10.492707516059104
1169,10.492707516059104
1170,10.492707516059104
1171,10.492707516059104
1172,10.492707516059104
1173,10.492707516059102
1174,10.492707516059102
1175,10.492707516059102
1176,10.492707516059102
1177,10.492707516059102
1178,10.492707516059102
1179,10.492707516059102
1180,10.492707516059102
1181,10.492707516059102
1182,10.492707516059102
1183,10.492707516059102
1184,10.492707516059102
1185,10.492707516059102
1186,10.492707516059102
1187,10.492707516059102
1188,10.492707516059102
1189,10.492707516059102
1190,10.492707516059102
1191,10.492707516059102
1192,10.492707516059102
1193,10.492707516059102
1194,10.492707516059102
1195,10.492707516059102
1196,10.276942975565799
1197,10.276942975565799
1198,10.276942975565799
1199,10.276942975565799
1200,10.276942975565799
1201,10.276942975565799
1202,10.276942975565799
1203,10.276942975565799
1204,10.203893618020645
1205,10.203893618020645
1206,10.203893618020645
1207,10.203893618020645
1208,10.203893618020645
1209,10.203893618020645
1210,10.203893618020645
1211,10.203893618020645
1212,10.203893618020645
1213,10.203893618020645
1214,10.203893618020645
1215,10.088217190071985
1216,10.088217190071985
1217,10.088217190071985
1218,10.088217190071985
1219,10.088217190071985
1220,10.088217190071985
1221,10.088217190071985
1222,10.088217190071985
1223,10.088217190071985
1224,10.088217190071985
1225,10.088217190071985
1226,10.088217190071985
1227,10.088217190071985
1228,10.088217190071985
1229,10.088217190071985
1230,10.088217190071985
1231,10.088217190071985
1232,10.088217190071985
1233,10.088217190071985
1234,10.088217190071985
1235,10.088217190071985
1236,10.088217190071985
1237,10.088217190071985
1238,10.088217190071985
1239,10.088217190071985
1240,10.078105345874361
1241,10.078105345874361
1242,10.078105345874361
1243,10.078105345874361
1244,10.078105345874361
1245,10.078105345874361
1246,10.078105345874361
1247,10.030707633568435
1248,10.030707633568435
1249,10.030707633568435
1250,10.018817402090233
1251,10.018817402090233
1252,10.018817402090233
1253,10.018817402090233
1254,10.018817402090233
1255,10.018817402090233
1256,10.018817402090233
1257,10.018817402090233
1258,10.018817402090233
1259,10.018817402090233
1260,10.018817402090233
1261,10.018817402090233
1262,10.018817402090233
1263,10.018817402090233
1264,9.961405026211986
1265,9.961405026211986
1266,9.961405026211986
1267,9.961405026211986
1268,9.961405026211986
1269,9.954642062543934
1270,9.954642062543934
1271,9.954642062543934
1272,9.954642062543934
1273,9.954642062543934
1274,9.954642062543934
1275,9.954642062543934
1276,9.954642062543934
1277,9.954642062543934
1278,9.954642062543934
1279,9.954642062543934
1280,9.954642062543934
1281,9.954642062543934
1282,9.954642062543934
1283,9.954642062543934
1284,9.954642062543934
1285,9.954642062543934
1286,9.954642062543934
1287,9.954642062543934
1288,9.954642062543934
1289,9.954642062543934
1290,9.954642062543934
1291,9.954642062543934
1292,9.954642062543934
1293,9.954642062543934
1294,9.954642062543934
1295,9.954642062543934
1296,9.954642062543934
1297,9.954642062543934
1298,9.954642062543934
1299,9.954642062543934
1300,9.954642062543934
1301,9.954642062543934
1302,9.954642062543934
1303,9.954642062543934
1304,9.954642062543934
1305,9.954642062543934
1306,9.954642062543934
1307,9.954642062543934
1308,9.954642062543934
1309,9.954642062543934
1310,9.954642062543934
1311,9.954642062543934
1312,9.954642062543934
1313,9.954642062543934
1314,9.954642062543934
1315,9.954642062543934
1316,9.954642062543934
1317,9.954642062543934
1318,9.954642062543934
1319,9.954642062543934
1320,9.954642062543934
1321,9.954642062543934
1322,9.954642062543934
1323,9.954642062543934
1324,9.954642062543934
1325,9.954642062543934
1326,9.954642062543934
1327,9.954642062543934
1328,9.954642062543934
1329,9.954642062543934
1330,9.954642062543934
1331,9.954642062543934
1332,9.954642062543934
1333,9.954642062543934
1334,9.954642062543934
1335,9.954642062543934
1336,9.954642062543934
1337,9.954642062543934
1338,9.954642062543934
1339,9.954642062543934
1340,9.954642062543934
1341,9.954642062543934
1342,9.954642062543934
1343,9.954642062543934
1344,9.954642062543934
1345,9.954642062543934
1346,9.954642062543934
1347,9.954642062543934
1348,9.954642062543934
1349,9.954642062543934
1350,9.954642062543934
1351,9.954642062543934
1352,9.954642062543934
1353,9.954642062543934
1354,9.954642062543934
1355,9.954642062543934
1356,9.954642062543934
1357,9.954642062543934
1358,9.954642062543934
1359,9.954642062543934
1360,9.954642062543934
1361,9.954642062543934
1362,9.954642062543934
1363,9.954642062543934
1364,9.948804232158887
1365,9.948804232158887
1366,9.948804232158887
1367,9.948804232158887
1368,9.948804232158887
1369,9.948804232158887
1370,9.948804232158887
1371,9.948804232158887
1372,9.948804232158887
1373,9.948804232158887
1374,9.948804232158887
1375,9.948804232158887
1376,9.948804232158887
1377,9.948804232158887
1378,9.869768504899733
1379,9.869768504899733
1380,9.869768504899733
1381,9.869768504899733
1382,9.869768504899733
1383,9.869768504899733
1384,9.869768504899733
1385,9.869768504899733
1386,9.869768504899733
1387,9.869768504899733
1388,9.868714635844666
1389,9.868714635844666
1390,9.868714635844666
1391,9.868714635844666
1392,9.868714635844666
1393,9.868714635844666
1394,9.868714635844666
1395,9.868714635844666
1396,9.868714635844666
1397,9.868714635844666
1398,9.868714635844666
1399,9.868714635844666
1400,9.868714635844666
1401,9.868714635844666
1402,9.868714635844666
1403,9.868714635844666
1404,9.868714635844666
1405,9.868714635844666
1406,9.868714635844666
1407,9.868714635844666
1408,9.868714635844666
1409,9.868714635844666
1410,9.868714635844666
1411,9.868714635844666
1412,9.868714635844666
1413,9.868714635844666
1414,9.868714635844666
1415,9.868714635844666
1416,9.868714635844666
1417,9.868714635844666
1418,9.868714635844666
1419,9.868714635844666
1420,9.752063971093156
1421,9.752063971093156
1422,9.738270426094497
1423,9.738270426094497
1424,9.738270426094497
1425,9.738270426094497
1426,9.738270426094497
1427,9.738270426094497
1428,9.738270426094497
1429,9.738270426094497
1430,9.738270426094497
1431,9.738270426094497
1432,9.738270426094497
1433,9.738270426094497
1434,9.738270426094497
1435,9.738270426094497
1436,9.738270426094497
1437,9.738270426094497
1438,9.738270426094497
1439,9.738270426094497
1440,9.717655823306051
1441,9.717655823306051
1442,9.717655823306051
1443,9.717655823306051
1444,9.717655823306051
1445,9.717655823306051
1446,9.717655823306051
1447,9.717655823306051
1448,9.717655823306051
1449,9.68412996564872
1450,9.68412996564872
1451,9.68412996564872
1452,9.68412996564872
1453,9.68412996564872
1454,9.672495587381507
1455,9.672495587381507
1456,9.672495587381507
1457,9.672495587381507
1458,9.672495587381507
1459,9.672495587381507
1460,9.672495587381507
1461,9.672495587381507
1462,9.672495587381507
1463,9.672495587381507
1464,9.672495587381507
1465,9.672495587381507
1466,9.672495587381507
1467,9.672495587381507
1468,9.672495587381507
1469,9.672495587381507
1470,9.672495587381507
1471,9.672495587381507
1472,9.672495587381507
1473,9.645897520811877
1474,9.645897520811877
1475,9.638991591868782
1476,9.638991591868782
1477,9.638991591868782
1478,9.570933859472452
1479,9.570933859472452
1480,9.564340994892872
1481,9.564027930529358
1482,9.564027930529358
1483,9.564027930529358
1484,9.564027930529358
1485,9.564027930529358
1486,9.564027930529358
1487,9.564027930529358
1488,9.564027930529358
1489,9.564027930529358
1490,9.564027930529358
1491,9.564027930529358
1492,9.564027930529358
1493,9.564027930529358
1494,9.564027930529358
1495,9.564027930529358
1496,9.564027930529358
1497,9.564027930529358
1498,9.564027930529358
1499,9.564027930529358
1500,9.564027930529358
1501,9.564027930529358
1502,9.564027930529358
1503,9.564027930529358
1504,9.564027930529358
1505,9.564027930529358
1506,9.564027930529358
1507,9.564027930529358
1508,9.564027930529358
1509,9.564027930529358
1510,9.564027930529358
1511,9.564027930529358
1512,9.564027930529358
1513,9.564027930529358
1514,9.564027930529358
1515,9.564027930529358
1516,9.564027930529358
1517,9.564027930529358
1518,9.564027930529358
1519,9.564027930529358
1520,9.564027930529358
1521,9.564027930529358
1522,9.564027930529358
1523,9.564027930529358
1524,9.564027930529358
1525,9.564027930529358
1526,9.564027930529358
1527,9.564027930529358
1528,9.564027930529358
1529,9.564027930529358
1530,9.564027930529358
1531,9.564027930529358
1532,9.564027930529358
1533,9.564027930529358
1534,9.564027930529358
1535,9.564027930529358
1536,9.564027930529358
1537,9.564027930529358
1538,9.564027930529358
1539,9.564027930529358
1540,9.564027930529358
1541,9.564027930529358
1542,9.564027930529358
1543,9.564027930529358
1544,9.564027930529358
1545,9.564027930529358
1546,9.564027930529358
1547,9.564027930529358
1548,9.564027930529358
1549,9.564027930529358
1550,9.564027930529358
1551,9.564027930529358
1552,9.564027930529358
1553,9.546522527245044
1554,9.546522527245044
1555,9.546522527245044
1556,9.546522527245044
1557,9.546522527245044
1558,9.546522527245044
1559,9.546522527245044
1560,9.546522527245044
1561,9.546522527245044
1562,9.546522527245044
1563,9.546522527245044
1564,9.546522527245044
1565,9.546522527245044
1566,9.546522527245044
1567,9.546522527245044
1568,9.546522527245044
1569,9.546522527245044
1570,9.546522527245044
1571,9.546522527245044
1572,9.546522527245044
1573,9.546522527245044
1574,9.546522527245044
1575,9.546522527245044
1576,9.546522527245044
1577,9.546522527245044
1578,9.546522527245044
1579,9.546522527245044
1580,9.546522527245044
1581,9.546522527245044
1582,9.546522527245044
1583,9.546522527245044
1584,9.546522527245044
1585,9.546522527245044
1586,9.546522527245044
1587,9.546522527245044
1588,9.546522527245044
1589,9.546522527245044
1590,9.546522527245044
1591,9.546522527245044
1592,9.546522527245044
1593,9.546522527245044
1594,9.546522527245044
1595,9.546522527245044
1596,9.546522527245044
1597,9.434120784096612
1598,9.38318015809976
1599,9.38318015809976
1600,9.38318015809976
1601,9.346491271636859
1602,9.346491271636859
1603,9.346491271636859
1604,9.346491271636859
1605,9.346491271636859
1606,9.346491271636859
1607,9.346491271636859
1608,9.346491271636859
1609,9.346491271636859
1610,9.346491271636859
1611,9.346491271636859
1612,9.346491271636859
1613,9.346491271636859
1614,9.346491271636859
1615,9.346491271636859
1616,9.346491271636859
1617,9.346491271636859
1618,9.346491271636859
1619,9.346491271636859
1620,9.346491271636859
1621,9.346491271636859
1622,9.346491271636859
1623,9.346491271636859
1624,9.346491271636859
1625,9.346491271636859
1626,9.346491271636859
1627,9.346491271636859
1628,9.346491271636859
1629,9.346491271636859
1630,9.346491271636859
1631,9.346491271636859
1632,9.346491271636859
1633,9.346491271636859
1634,9.346491271636859
1635,9.346491271636859
1636,9.346491271636859
1637,9.346491271636859
1638,9.346491271636859
1639,9.346491271636859
1640,9.346491271636859
1641,9.346491271636859
1642,9.346491271636859
1643,9.346491271636859
1644,9.346491271636859
1645,9.346491271636859
1646,9.346491271636859
1647,9.346491271636859
1648,9.346491271636859
1649,9.346491271636859
1650,9.346491271636859
1651,9.346491271636859
1652,9.346491271636859
1653,9.346491271636859
1654,9.346491271636859
1655,9.346491271636859
1656,9.346491271636859
1657,9.346491271636859
1658,9.346491271636859
1659,9.346491271636859
1660,9.346491271636859
1661,9.346491271636859
1662,9.346491271636859
1663,9.346491271636859
1664,9.346491271636859
1665,9.346491271636859
1666,9.346491271636859
1667,9.346491271636859
1668,9.346491271636859
1669,9.346491271636859
1670,9.346491271636859
1671,9.346491271636859
1672,9.346491271636859
1673,9.346491271636859
1674,9.346491271636859
1675,9.346491271636859
1676,9.346491271636859
1677,9.346491271636859
1678,9.346491271636859
1679,9.346491271636859
1680,9.346491271636859
1681,9.346491271636859
1682,9.346491271636859
1683,9.346491271636859
1684,9.346491271636859
1685,9.346491271636859
1686,9.346491271636859
1687,9.346491271636859
1688,9.346491271636859
1689,9.346491271636859
1690,9.346491271636859
1691,9.346491271636859
1692,9.346491271636859
1693,9.346491271636859
1694,9.346491271636859
1695,9.346491271636859
1696,9.346491271636859
1697,9.346491271636859
1698,9.346491271636859
1699,9.346491271636859
1700,9.346491271636859
1701,9.346491271636859
1702,9.346491271636859
1703,9.346491271636859
1704,9.346491271636859
1705,9.346491271636859
1706,9.346491271636859
1707,9.346491271636859
1708,9.346491271636859
1709,9.346491271636859
1710,9.346491271636859
1711,9.346491271636859
1712,9.346491271636859
1713,9.346491271636859
1714,9.346491271636859
1715,9.346491271636859
1716,9.346491271636859
1717,9.346491271636859
1718,9.346491271636859
1719,9.346491271636859
1720,9.346491271636859
1721,9.346491271636859
1722,9.346491271636859
1723,9.346491271636859
1724,9.346491271636859
1725,9.263160013257217
1726,9.263160013257217
1727,9.263160013257217
1728,9.263160013257217
1729,9.263160013257217
1730,9.263160013257217
1731,9.263160013257217
1732,9.263160013257217
1733,9.263160013257217
1734,9.263160013257217
1735,9.263160013257217
1736,9.263160013257217
1737,9.263160013257217
1738,9.263160013257217
1739,9.263160013257217
1740,9.263160013257217
1741,9.249485859231438
1742,9.249485859231438
1743,9.249485859231438
1744,9.199803899481108
1745,9.199803899481108
1746,9.199803899481108
1747,9.199803899481108
1748,9.199803899481108
1749,9.199803899481108
1750,9.199803899481108
1751,9.199803899481108
1752,9.199803899481108
1753,9.199803899481108
1754,9.199803899481108
1755,9.199803899481108
1756,9.199803899481108
1757,9.199803899481108
1758,9.199803899481108
1759,9.199803899481108
1760,9.199803899481108
1761,9.199803899481108
1762,9.199803899481108
1763,9.199803899481108
1764,9.199803899481108
1765,9.199803899481108
1766,9.199803899481108
1767,9.199803899481108
1768,9.199803899481108
1769,9.199803899481108
1770,9.199803899481108
1771,9.199803899481108
1772,9.199803899481108
1773,9.199803899481108
1774,9.199803899481108
1775,9.199803899481108
1776,9.199803899481108
1777,9.199803899481108
1778,9.199803899481108
1779,9.199803899481108
1780,9.199803899481108
1781,9.199803899481108
1782,9.199803899481108
1783,9.199803899481108
1784,9.199803899481108
1785,9.199803899481108
1786,9.199803899481108
1787,9.199803899481108
1788,9.199803899481108
1789,9.199803899481108
1790,9.199803899481108
1791,9.199803899481108
1792,9.199803899481108
1793,9.199803899481108
1794,9.199803899481108
1795,9.199803899481108
1796,9.199803899481108
1797,9.199803899481108
1798,9.199803899481108
1799,9.199803899481108
1800,9.199803899481108
1801,9.199803899481108
1802,9.199803899481108
1803,9.199803899481108
1804,9.199803899481108
1805,9.199803899481108
1806,9.199803899481108
1807,9.199803899481108
1808,9.199803899481108
1809,9.199803899481108
1810,9.199803899481108
1811,9.199803899481108
1812,9.199803899481108
1813,9.199803899481108
1814,9.199803899481108
1815,9.199803899481108
1816,9.199803899481108
1817,9.199803899481108
1818,9.199803899481108
1819,9.199803899481108
1820,9.199803899481108
1821,9.199803899481108
1822,9.199803899481108
1823,9.199803899481108
1824,9.199803899481108
1825,9.199803899481108
1826,9.199803899481108
1827,9.199803899481108
1828,9.199803899481108
1829,9.199803899481108
1830,9.199803899481108
1831,9.199803899481108
1832,9.199803899481108
1833,9.199803899481108
1834,9.199803899481108
1835,9.199803899481108
1836,9.199803899481108
1837,9.199803899481108
1838,9.199803899481108
1839,9.199803899481108
1840,9.199803899481108
1841,9.199803899481108
1842,9.199803899481108
1843,9.199803899481108
1844,9.199803899481108
1845,9.199803899481108
1846,9.199803899481108
1847,9.199803899481108
1848,9.199803899481108
1849,9.199803899481108
1850,9.199803899481108
1851,9.199803899481108
1852,9.199803899481108
1853,9.199803899481108
1854,9.199803899481108
1855,9.199803899481108
1856,9.199803899481108
1857,9.199803899481108
1858,9.199803899481108
1859,9.199803899481108
1860,9.199803899481108
1861,9.199803899481108
1862,9.199803899481108
1863,9.199803899481108
1864,9.199803899481108
1865,9.199803899481108
1866,9.199803899481108
1867,9.199803899481108
1868,9.199803899481108
1869,9.199803899481108
1870,9.199803899481108
1871,9.199803899481108
1872,9.199803899481108
1873,9.199803899481108
1874,9.199803899481108
1875,9.199803899481108
1876,9.199803899481108
1877,9.199803899481108
1878,9.199803899481108
1879,9.199803899481108
1880,9.199803899481108
1881,9.199803899481108
1882,9.199803899481108
1883,9.199803899481108
1884,9.199803899481108
1885,9.199803899481108
1886,9.199803899481108
1887,9.199803899481108
1888,9.199803899481108
1889,9.199803899481108
1890,9.199803899481108
1891,9.199803899481108
1892,9.199803899481108
1893,9.199803899481108
1894,9.199803899481108
1895,9.199803899481108
1896,9.199803899481108
1897,9.199803899481108
1898,9.199803899481108
1899,9.199803899481108
1900,9.199803899481108
1901,9.199803899481108
1902,9.199803899481108
1903,9.199803899481108
1904,9.199803899481108
1905,9.199803899481108
1906,9.199803899481108
1907,9.199803899481108
1908,9.199803899481108
1909,9.199803899481108
1910,9.199803899481108
1911,9.199803899481108
1912,9.199803899481108
1913,9.199803899481108
1914,9.199803899481108
1915,9.199803899481108
1916,9.199803899481108
1917,9.199803899481108
1918,9.199803899481108
1919,9.199803899481108
1920,9.199803899481108
1921,9.199803899481108
1922,9.199803899481108
1923,9.199803899481108
1924,9.199803899481108
1925,9.199803899481108
1926,9.199803899481108
1927,9.199803899481108
1928,9.199803899481108
1929,9.199803899481108
1930,9.199803899481108
1931,9.199803899481108
1932,9.199803899481108
1933,9.199803899481108
1934,9.199803899481108
1935,9.199803899481108
1936,9.199803899481108
1937,9.199803899481108
1938,9.199803899481108
1939,9.199803899481108
1940,9.199803899481108
1941,9.199803899481108
1942,9.199803899481108
1943,9.199803899481108
1944,9.199803899481108
1945,9.199803899481108
1946,9.199803899481108
1947,9.199803899481108
1948,9.156865432219174
1949,9.156865432219174
1950,9.156865432219174
1951,9.156865432219174
1952,9.156865432219174
1953,9.156865432219174
1954,9.156865432219174
1955,9.156865432219174
1956,9.156865432219174
1957,9.156865432219174
1958,9.156865432219174
1959,9.156865432219174
1960,9.156865432219174
1961,9.156865432219174
1962,9.156865432219174
1963,9.156865432219174
1964,9.156865432219174
1965,9.156865432219174
1966,9.156865432219174
1967,9.156865432219174
1968,9.156865432219174
1969,9.156865432219174
1970,9.156865432219174
1971,9.156865432219174
1972,9.156865432219174
1973,9.156865432219174
1974,9.156865432219174
1975,9.156865432219174
1976,9.156865432219174
1977,9.156865432219174
1978,9.156865432219174
1979,9.156865432219174
1980,9.156865432219174
1981,9.156865432219174
1982,9.156865432219174
1983,9.156865432219174
1984,9.156865432219174
1985,9.156865432219174
1986,9.156865432219174
1987,9.156865432219174
1988,9.156865432219174
1989,9.156865432219174
1990,9.156865432219174
1991,9.156865432219174
1992,9.156865432219174
1993,9.156865432219174
1994,9.156865432219174
1995,9.156865432219174
1996,9.156865432219174
1997,9.156865432219174
1998,9.156865432219174
1999,9.156865432219174
2000,9.156865432219174
2001,9.156865432219174
2002,9.156865432219174
2003,9.156865432219174
2004,9.156865432219174
2005,9.156865432219174
2006,9.156865432219174
2007,9.156865432219174
2008,9.156865432219174
2009,9.156865432219174
2010,9.156865432219174
2011,9.156865432219174
2012,9.156865432219174
2013,9.156865432219174
2014,9.156865432219174
2015,9.156865432219174
2016,9.156865432219174
2017,9.156865432219174
2018,9.156865432219174
2019,9.156865432219174
2020,9.156865432219174
2021,9.156865432219174
2022,9.156865432219174
2023,9.156865432219174
2024,9.156865432219174
2025,9.156865432219174
2026,9.156865432219174
2027,9.156865432219174
2028,9.156865432219174
2029,9.156865432219174
2030,9.156865432219174
2031,9.156865432219174
2032,9.156865432219174
2033,9.156865432219174
2034,9.156865432219174
2035,9.156865432219174
2036,9.156865432219174
2037,9.156865432219174
2038,9.156865432219174
2039,9.156865432219174
2040,9.156865432219174
2041,9.156865432219174
2042,9.156865432219174
2043,9.156865432219174
2044,9.156865432219174
2045,9.156865432219174
2046,9.156865432219174
2047,9.156865432219174
2048,9.156865432219174
2049,9.156865432219174
2050,9.156865432219174
2051,9.156865432219174
2052,9.156865432219174
2053,9.156865432219174
2054,9.156865432219174
2055,9.156865432219174
2056,9.156865432219174
2057,9.156865432219174
2058,9.156865432219174
2059,9.156865432219174
2060,9.156865432219174
2061,9.156865432219174
2062,9.156865432219174
2063,9.156865432219174
2064,9.156865432219174
2065,9.156865432219174
2066,9.156865432219174
2067,9.156865432219174
2068,9.156865432219174
2069,9.156865432219174
2070,9.156865432219174
2071,9.156865432219174
2072,9.156865432219174
2073,9.156865432219174
2074,9.156865432219174
2075,9.156865432219174
2076,9.156865432219174
2077,9.156865432219174
2078,9.156865432219174
2079,9.156865432219174
2080,9.156865432219174
2081,9.156865432219174
2082,9.156865432219174
2083,9.156865432219174
2084,9.156865432219174
2085,9.156865432219174
2086,9.156865432219174
2087,9.156865432219174
2088,9.156865432219174
2089,9.156865432219174
2090,9.156865432219174
2091,9.156865432219174
2092,9.156865432219174
2093,9.156865432219174
2094,9.156865432219174
2095,9.156865432219174
2096,9.156865432219174
2097,9.156865432219174
2098,9.156865432219174
2099,9.156865432219174
2100,9.156865432219174
2101,9.156865432219174
2102,9.156865432219174
2103,9.156865432219174
2104,9.156865432219174
2105,9.156865432219174
2106,9.156865432219174
2107,9.156865432219174
2108,9.156865432219174
2109,9.156865432219174
2110,9.156865432219174
2111,9.156865432219174
2112,9.156865432219174
2113,9.156865432219174
2114,9.156865432219174
2115,9.156865432219174
2116,9.156865432219174
2117,9.156865432219174
2118,9.156865432219174
2119,9.156865432219174
2120,9.156865432219174
2121,9.156865432219174
2122,9.156865432219174
2123,9.156865432219174
2124,9.156865432219174
2125,9.132738980342182
2126,9.132738980342182
2127,9.132738980342182
2128,9.132738980342182
2129,9.132738980342182
2130,9.132738980342182
2131,9.132738980342182
2132,9.132738980342182
2133,9.132738980342182
2134,9.132738980342182
2135,9.132738980342182
2136,9.132738980342182
2137,9.132738980342182
2138,9.132738980342182
2139,9.132738980342182
2140,9.132738980342182
2141,9.132738980342182
2142,9.132738980342182
2143,9.132738980342182
2144,9.132738980342182
2145,9.132738980342182
2146,9.132738980342182
2147,9.132738980342182
2148,9.132738980342182
2149,9.132738980342182
2150,9.132738980342182
2151,9.132738980342182
2152,9.132738980342182
2153,9.132738980342182
2154,9.132738980342182
2155,9.132738980342182
2156,9.132738980342182
2157,9.132738980342182
2158,9.132738980342182
2159,9.132738980342182
2160,9.132738980342182
2161,9.132738980342182
2162,9.132738980342182
2163,9.132738980342182
2164,9.132738980342182
2165,9.132738980342182
2166,9.132738980342182
2167,9.132738980342182
2168,9.132738980342182
2169,9.132738980342182
2170,9.132738980342182
2171,9.132738980342182
2172,9.132738980342182
2173,9.132738980342182
2174,9.132738980342182
2175,9.132738980342182
2176,9.132738980342182
2177,9.132738980342182
2178,9.132738980342182
2179,9.132738980342182
2180,9.132738980342182
2181,9.132738980342182
2182,9.132738980342182
2183,9.132738980342182
2184,9.132738980342182
2185,9.132738980342182
2186,9.132738980342182
2187,9.132738980342182
2188,9.132738980342182
2189,9.132738980342182
2190,9.132738980342182
2191,9.132738980342182
2192,9.132738980342182
2193,9.132738980342182
2194,9.132738980342182
2195,9.132738980342182
2196,9.132738980342182
2197,9.132738980342182
2198,9.132738980342182
2199,9.132738980342182
2200,9.132738980342182
2201,9.132738980342182
2202,9.132738980342182
2203,9.132738980342182
2204,9.132738980342182
2205,9.132738980342182
2206,9.132738980342182
2207,9.132738980342182
2208,9.132738980342182
2209,9.132738980342182
2210,9.132738980342182
2211,9.132738980342182
2212,9.132738980342182
2213,9.132738980342182
2214,9.132738980342182
2215,9.132738980342182
2216,9.132738980342182
2217,9.132738980342182
2218,9.132738980342182
2219,9.132738980342182
2220,9.132738980342182
2221,9.132738980342182
2222,9.132738980342182
2223,9.132738980342182
2224,9.132738980342182
2225,9.132738980342182
2226,9.132738980342182
2227,9.132738980342182
2228,9.132738980342182
2229,9.132738980342182
2230,9.132738980342182
2231,9.132738980342182
2232,9.132738980342182
2233,9.132738980342182
2234,9.132738980342182
2235,9.132738980342182
2236,9.132738980342182
2237,9.132738980342182
2238,9.132738980342182
2239,9.132738980342182
2240,9.132738980342182
2241,9.132738980342182
2242,9.132738980342182
2243,9.132738980342182
2244,9.132738980342182
2245,9.132738980342182
2246,9.132738980342182
2247,9.132738980342182
2248,9.132738980342182
2249,9.132738980342182
2250,9.132738980342182
2251,9.132738980342182
2252,9.132738980342182
2253,9.132738980342182
2254,9.132738980342182
2255,9.132738980342182
2256,9.132738980342182
2257,9.132738980342182
2258,9.132738980342182
2259,9.132738980342182
2260,9.128033837349587
2261,9.128033837349587
2262,9.128033837349587
2263,9.128033837349587
2264,9.128033837349587
2265,9.128033837349587
2266,9.128033837349587
2267,9.128033837349587
2268,9.128033837349587
2269,9.128033837349587
2270,9.128033837349587
2271,9.128033837349587
2272,9.128033837349587
2273,9.128033837349587
2274,9.128033837349587
2275,9.128033837349587
2276,9.128033837349587
2277,9.128033837349587
2278,9.128033837349587
2279,9.128033837349587
2280,9.128033837349587
2281,9.128033837349587
2282,9.128033837349587
2283,9.128033837349587
2284,9.128033837349587
2285,9.128033837349587
2286,9.128033837349587
2287,9.128033837349587
2288,9.128033837349587
2289,9.128033837349587
2290,9.128033837349587
2291,9.128033837349587
2292,9.128033837349587
2293,9.128033837349587
2294,9.128033837349587
2295,9.128033837349587
2296,9.128033837349587
2297,9.128033837349587
2298,9.128033837349587
2299,9.128033837349587
2300,9.128033837349587
2301,9.128033837349587
2302,9.128033837349587
2303,9.128033837349587
2304,9.128033837349587
2305,9.128033837349587
2306,9.128033837349587
2307,9.128033837349587
2308,9.128033837349587
2309,9.128033837349587
2310,9.128033837349587
2311,9.128033837349587
2312,9.128033837349587
2313,9.128033837349587
2314,9.128033837349587
2315,9.128033837349587
2316,9.128033837349587
2317,9.128033837349587
2318,9.128033837349587
2319,9.128033837349587
2320,9.128033837349587
2321,9.128033837349587
2322,9.128033837349587
2323,9.128033837349587
2324,9.128033837349587
2325,9.128033837349587
2326,9.128033837349587
2327,9.128033837349587
2328,9.128033837349587
2329,9.128033837349587
2330,9.128033837349587
2331,9.128033837349587
2332,9.128033837349587
2333,9.128033837349587
2334,9.128033837349587
2335,9.128033837349587
2336,9.128033837349587
2337,9.128033837349587
2338,9.128033837349587
2339,9.128033837349587
2340,9.128033837349587
2341,9.128033837349587
2342,9.128033837349587
2343,9.128033837349587
2344,9.128033837349587
2345,9.128033837349587
2346,9.128033837349587
2347,9.128033837349587
2348,9.128033837349587
2349,9.128033837349587
2350,9.128033837349587
2351,9.128033837349587
2352,9.128033837349587
2353,9.128033837349587
2354,9.128033837349587
2355,9.128033837349587
2356,9.128033837349587
2357,9.128033837349587
2358,9.128033837349587
2359,9.128033837349587
2360,9.128033837349587
2361,9.128033837349587
2362,9.128033837349587
2363,9.128033837349587
2364,9.128033837349587
2365,9.128033837349587
2366,9.128033837349587
2367,9.128033837349587
2368,9.128033837349587
2369,9.128033837349587
2370,9.128033837349587
2371,9.118752695931562
2372,9.118752695931562
2373,9.118752695931562
2374,9.118752695931562
2375,9.118752695931562
2376,9.118752695931562
2377,9.118752695931562
2378,9.118752695931562
2379,9.118752695931562
2380,9.118752695931562
2381,9.118752695931562
2382,9.118752695931562
2383,9.118752695931562
2384,9.118752695931562
2385,9.118752695931562
2386,9.118752695931562
2387,9.118752695931562
2388,9.118752695931562
2389,9.118752695931562
2390,9.118752695931562
2391,9.065235869459446
2392,9.065235869459446
2393,9.065235869459446
2394,9.065235869459446
2395,9.065235869459446
2396,9.065235869459446
2397,9.065235869459446
2398,9.065235869459446
2399,9.065235869459446
2400,9.065235869459446
2401,9.065235869459446
2402,9.065235869459446
2403,9.065235869459446
2404,9.065235869459446
2405,9.065235869459446
2406,9.065235869459446
2407,9.065235869459446
2408,9.065235869459446
2409,9.065235869459446
2410,9.065235869459446
2411,9.065235869459446
2412,9.065235869459446
2413,9.065235869459446
2414,9.065235869459446
2415,9.065235869459446
2416,9.065235869459446
2417,9.065235869459446
2418,9.065235869459446
2419,9.065235869459446
2420,9.065235869459446
2421,9.065235869459446
2422,9.065235869459446
2423,9.065235869459446
2424,9.065235869459446
2425,9.065235869459446
2426,9.065235869459446
2427,9.065235869459446
2428,9.065235869459446
2429,9.065235869459446
2430,9.065235869459446
2431,9.065235869459446
2432,9.065235869459446
2433,9.065235869459446
2434,9.065235869459446
2435,9.065235869459446
2436,9.065235869459446
2437,9.065235869459446
2438,9.065235869459446
2439,9.065235869459446
2440,9.065235869459446
2441,9.065235869459446
2442,9.065235869459446
2443,9.065235869459446
2444,9.065235869459446
2445,9.065235869459446
2446,9.065235869459446
2447,9.065235869459446
2448,9.065235869459446
2449,9.065235869459446
2450,9.065235869459446
2451,9.065235869459446
2452,9.065235869459446
2453,9.065235869459446
2454,9.065235869459446
2455,9.065235869459446
2456,9.065235869459446
2457,9.065235869459446
2458,9.065235869459446
2459,9.065235869459446
2460,9.065235869459446
2461,9.065235869459446
2462,9.065235869459446
2463,9.065235869459446
2464,9.065235869459446
2465,9.065235869459446
2466,9.065235869459446
2467,9.065235869459446
2468,9.065235869459446
2469,9.065235869459446
2470,9.065235869459446
2471,9.065235869459446
2472,9.065235869459446
2473,9.065235869459446
2474,9.065235869459446
2475,9.065235869459446
2476,9.065235869459446
2477,9.065235869459446
2478,9.065235869459446
2479,9.065235869459446
2480,9.065235869459446
2481,9.065235869459446
2482,9.065235869459446
2483,9.065235869459446
2484,9.065235869459446
2485,9.065235869459446
2486,9.065235869459446
2487,9.065235869459446
2488,9.065235869459446
2489,9.065235869459446
2490,9.065235869459446
2491,9.065235869459446
2492,9.065235869459446
2493,9.065235869459446
2494,9.065235869459446
2495,9.065235869459446
2496,9.065235869459446
2497,9.065235869459446
2498,9.065235869459446
2499,9.065235869459446
2500,9.065235869459446
2501,9.065235869459446
2502,9.065235869459446
2503,9.065235869459446
2504,9.065235869459446
2505,9.065235869459446
2506,9.065235869459446
2507,9.065235869459446
2508,9.065235869459446
2509,9.065235869459446
2510,9.065235869459446
2511,9.065235869459446
2512,9.065235869459446
2513,9.065235869459446
2514,9.065235869459446
2515,9.065235869459446
2516,9.065235869459446
2517,9.065235869459446
2518,9.065235869459446
2519,9.065235869459446
2520,9.065235869459446
2521,9.065235869459446
2522,9.065235869459446
2523,9.065235869459446
2524,9.065235869459446
2525,9.065235869459446
2526,9.065235869459446
2527,9.065235869459446
2528,9.065235869459446
2529,9.065235869459446
2530,9.065235869459446
2531,9.065235869459446
2532,9.065235869459446
2533,9.065235869459446
2534,9.065235869459446
2535,9.065235869459446
2536,9.065235869459446
2537,9.065235869459446
2538,9.065235869459446
2539,9.065235869459446
2540,9.065235869459446
2541,9.065235869459446
2542,9.065235869459446
2543,9.065235869459446
2544,9.065235869459446
2545,9.065235869459446
2546,9.065235869459446
2547,9.065235869459446
2548,9.065235869459446
2549,9.065235869459446
2550,9.065235869459446
2551,9.065235869459446
2552,9.065235869459446
2553,9.065235869459446
2554,9.065235869459446
2555,9.065235869459446
2556,9.065235869459446
2557,9.065235869459446
2558,9.065235869459446
2559,9.065235869459446
2560,9.065235869459446
2561,9.065235869459446
2562,9.065235869459446
2563,9.065235869459446
2564,9.065235869459446
2565,9.065235869459446
2566,9.065235869459446
2567,9.065235869459446
2568,9.065235869459446
2569,9.065235869459446
2570,9.065235869459446
2571,9.065235869459446
2572,9.065235869459446
2573,9.065235869459446
2574,9.065235869459446
2575,9.065235869459446
2576,9.065235869459446
2577,9.065235869459446
2578,9.065235869459446
2579,9.065235869459446
2580,9.065235869459446
2581,9.065235869459446
2582,9.065235869459446
2583,9.065235869459446
2584,9.065235869459446
2585,9.065235869459446
2586,9.065235869459446
2587,9.065235869459446
2588,9.065235869459446
2589,9.065235869459446
2590,9.065235869459446
2591,9.065235869459446
2592,9.065235869459446
2593,9.065235869459446
2594,9.065235869459446
2595,9.065235869459446
2596,9.065235869459446
2597,9.065235869459446
2598,9.065235869459446
2599,9.065235869459446
2600,9.065235869459446
2601,9.065235869459446
2602,9.065235869459446
2603,9.065235869459446
2604,9.065235869459446
2605,9.065235869459446
2606,9.065235869459446
2607,9.065235869459446
2608,9.065235869459446
2609,9.065235869459446
2610,9.065235869459446
2611,9.065235869459446
2612,9.065235869459446
2613,9.065235869459446
2614,9.065235869459446
2615,9.065235869459446
2616,9.065235869459446
2617,9.065235869459446
2618,9.065235869459446
2619,9.065235869459446
2620,9.065235869459446
2621,9.065235869459446
2622,9.065235869459446
2623,9.065235869459446
2624,9.065235869459446
2625,9.065235869459446
2626,9.065235869459446
2627,9.065235869459446
2628,9.065235869459446
2629,9.065235869459446
2630,9.065235869459446
2631,9.065235869459446
2632,9.065235869459446
2633,9.065235869459446
2634,9.065235869459446
2635,9.065235869459446
2636,9.065235869459446
2637,9.065235869459446
2638,9.065235869459446
2639,9.065235869459446
2640,9.065235869459446
2641,9.065235869459446
2642,9.065235869459446
2643,9.065235869459446
2644,9.065235869459446
2645,9.065235869459446
2646,9.065235869459446
2647,9.065235869459446
2648,9.065235869459446
2649,9.065235869459446
2650,9.065235869459446
2651,9.065235869459446
2652,9.065235869459446
2653,9.065235869459446
2654,9.065235869459446
2655,9.065235869459446
2656,9.065235869459446
2657,9.065235869459446
2658,9.065235869459446
2659,9.065235869459446
2660,9.065235869459446
2661,9.065235869459446
2662,9.065235869459446
2663,9.065235869459446
2664,9.065235869459446
2665,9.065235869459446
2666,9.065235869459446
2667,9.065235869459446
2668,9.065235869459446
2669,9.065235869459446
2670,9.065235869459446
2671,9.065235869459446
2672,9.065235869459446
2673,9.065235869459446
2674,9.065235869459446
2675,9.065235869459446
2676,9.065235869459446
2677,9.065235869459446
2678,9.065235869459446
2679,9.065235869459446
2680,9.065235869459446
2681,9.065235869459446
2682,9.065235869459446
2683,9.065235869459446
2684,9.065235869459446
2685,9.065235869459446
2686,9.065235869459446
2687,9.065235869459446
2688,9.065235869459446
2689,9.065235869459446
2690,9.065235869459446
2691,9.065235869459446
2692,9.065235869459446
2693,9.065235869459446
2694,9.065235869459446
2695,9.065235869459446
2696,9.065235869459446
2697,9.065235869459446
2698,9.065235869459446
2699,9.065235869459446
2700,9.065235869459446
2701,9.065235869459446
2702,9.065235869459446
2703,9.065235869459446
2704,9.065235869459446
2705,9.065235869459446
2706,9.065235869459446
2707,9.065235869459446
2708,9.065235869459446
2709,9.065235869459446
2710,9.065235869459446
2711,9.065235869459446
2712,9.065235869459446
2713,9.065235869459446
2714,9.065235869459446
2715,9.065235869459446
2716,9.065235869459446
2717,9.065235869459446
2718,9.065235869459446
2719,9.065235869459446
2720,9.065235869459446
2721,9.065235869459446
2722,9.065235869459446
2723,9.065235869459446
2724,9.065235869459446
2725,9.065235869459446
2726,9.065235869459446
2727,9.065235869459446
2728,9.065235869459446
2729,9.065235869459446
2730,9.065235869459446
2731,9.065235869459446
2732,9.065235869459446
2733,9.065235869459446
2734,9.065235869459446
2735,9.065235869459446
2736,9.065235869459446
2737,9.065235869459446
2738,9.065235869459446
2739,9.065235869459446
2740,9.065235869459446
2741,9.065235869459446
2742,9.065235869459446
2743,9.065235869459446
2744,9.065235869459446
2745,9.065235869459446
2746,9.065235869459446
2747,9.065235869459446
2748,9.065235869459446
2749,9.065235869459446
2750,9.065235869459446
2751,9.065235869459446
2752,9.065235869459446
2753,9.065235869459446
2754,9.065235869459446
2755,9.065235869459446
2756,9.065235869459446
2757,9.065235869459446
2758,9.065235869459446
2759,9.065235869459446
2760,9.065235869459446
2761,9.065235869459446
2762,9.065235869459446
2763,9.065235869459446
2764,9.065235869459446
2765,9.065235869459446
2766,9.065235869459446
2767,9.065235869459446
2768,9.065235869459446
2769,9.065235869459446
2770,9.065235869459446
2771,9.065235869459446
2772,9.065235869459446
2773,9.065235869459446
2774,9.065235869459446
2775,9.065235869459446
2776,9.065235869459446
2777,9.065235869459446
2778,9.065235869459446
2779,9.065235869459446
2780,9.065235869459446
2781,9.065235869459446
2782,9.065235869459446
2783,9.065235869459446
2784,9.065235869459446
2785,9.065235869459446
2786,9.065235869459446
2787,9.065235869459446
2788,9.065235869459446
2789,9.065235869459446
2790,9.065235869459446
2791,9.065235869459446
2792,9.065235869459446
2793,9.058187695449703
2794,9.058187695449703
2795,9.058187695449703
2796,9.058187695449703
2797,9.058187695449703
2798,9.058187695449703
2799,9.058187695449703
2800,9.058187695449703
2801,9.058187695449703
2802,9.058187695449703
2803,9.058187695449703
2804,9.058187695449703
2805,9.058187695449703
2806,9.058187695449703
2807,9.058187695449703
2808,9.058187695449703
2809,9.058187695449703
2810,9.058187695449703
2811,9.058187695449703
2812,9.058187695449703
2813,9.058187695449703
2814,9.058187695449703
2815,9.058187695449703
2816,9.058187695449703
2817,9.058187695449703
2818,9.058187695449703
2819,9.058187695449703
2820,9.058187695449703
2821,9.058187695449703
2822,9.058187695449703
2823,9.058187695449703
2824,9.058187695449703
2825,9.058187695449703
2826,9.058187695449703
2827,9.058187695449703
2828,9.058187695449703
2829,9.058187695449703
2830,9.058187695449703
2831,9.058187695449703
2832,9.058187695449703
2833,9.058187695449703
2834,9.058187695449703
2835,9.058187695449703
2836,9.058187695449703
2837,9.058187695449703
2838,9.058187695449703
2839,9.058187695449703
2840,9.058187695449703
2841,9.058187695449703
2842,9.058187695449703
2843,9.058187695449703
2844,9.058187695449703
2845,9.058187695449703
2846,9.058187695449703
2847,9.058187695449703
2848,9.058187695449703
2849,9.058187695449703
2850,9.058187695449703
2851,9.058187695449703
2852,9.058187695449703
2853,9.058187695449703
2854,9.058187695449703
2855,9.058187695449703
2856,9.058187695449703
2857,9.058187695449703
2858,9.058187695449703
2859,9.058187695449703
2860,9.058187695449703
2861,9.058187695449703
2862,9.058187695449703
2863,9.058187695449703
2864,9.058187695449703
2865,9.058187695449703
2866,9.058187695449703
2867,9.058187695449703
2868,9.058187695449703
2869,9.058187695449703
2870,9.058187695449703
2871,9.058187695449703
2872,9.058187695449703
2873,9.058187695449703
2874,9.058187695449703
2875,9.058187695449703
2876,9.058187695449703
2877,9.058187695449703
2878,9.058187695449703
2879,9.058187695449703
2880,9.058187695449703
2881,9.058187695449703
2882,9.058187695449703
2883,9.058187695449703
2884,9.058187695449703
2885,9.058187695449703
2886,9.058187695449703
2887,9.058187695449703
2888,9.058187695449703
2889,9.058187695449703
2890,9.058187695449703
2891,9.058187695449703
2892,9.058187695449703
2893,9.058187695449703
2894,9.058187695449703
2895,9.058187695449703
2896,9.058187695449703
2897,9.058187695449703
2898,9.058187695449703
2899,9.058187695449703
2900,9.058187695449703
2901,9.058187695449703
2902,9.058187695449703
2903,9.058187695449703
2904,9.058187695449703
2905,9.058187695449703
2906,9.058187695449703
2907,9.058187695449703
2908,9.058187695449703
2909,9.058187695449703
2910,9.058187695449703
2911,9.058187695449703
2912,9.058187695449703
2913,9.058187695449703
2914,9.058187695449703
2915,9.058187695449703
2916,9.058187695449703
2917,9.058187695449703
2918,9.058187695449703
2919,9.058187695449703
2920,9.058187695449703
2921,9.058187695449703
2922,9.058187695449703
2923,9.058187695449703
2924,9.058187695449703
2925,9.058187695449703
2926,9.058187695449703
2927,9.058187695449703
2928,9.058187695449703
2929,9.058187695449703
2930,9.058187695449703
2931,9.058187695449703
2932,9.058187695449703
2933,9.058187695449703
2934,9.058187695449703
2935,9.058187695449703
2936,9.058187695449703
2937,9.058187695449703
2938,9.058187695449703
2939,9.058187695449703
2940,9.058187695449703
2941,9.058187695449703
2942,9.058187695449703
2943,9.058187695449703
2944,9.058187695449703
2945,9.058187695449703
2946,9.058187695449703
2947,9.058187695449703
2948,9.058187695449703
2949,9.058187695449703
2950,9.058187695449703
2951,9.058187695449703
2952,9.058187695449703
2953,9.058187695449703
2954,9.058187695449703
2955,9.058187695449703
2956,9.058187695449703
2957,9.058187695449703
2958,9.058187695449703
2959,9.058187695449703
2960,9.058187695449703
2961,9.058187695449703
2962,9.058187695449703
2963,9.058187695449703
2964,9.058187695449703
2965,9.058187695449703
2966,9.058187695449703
2967,9.058187695449703
2968,9.058187695449703
2969,9.058187695449703
2970,9.058187695449703
2971,9.058187695449703
2972,9.058187695449703
2973,9.058187695449703
2974,9.058187695449703
2975,9.058187695449703
2976,9.058187695449703
2977,9.058187695449703
2978,9.058187695449703
2979,9.058187695449703
2980,9.058187695449703
2981,9.058187695449703
2982,9.058187695449703
2983,9.058187695449703
2984,9.058187695449703
2985,9.058187695449703
2986,9.058187695449703
2987,9.058187695449703
2988,9.058187695449703
2989,9.058187695449703
2990,9.058187695449703
2991,9.058187695449703
2992,9.058187695449703
2993,9.058187695449703
2994,9.058187695449703
2995,9.058187695449703
2996,9.058187695449703
2997,9.058187695449703
2998,9.058187695449703
2999,9.058187695449703
3000,9.058187695449703
3001,9.058187695449703
3002,9.058187695449703
3003,9.058187695449703
3004,9.058187695449703
3005,9.058187695449703
3006,9.058187695449703
3007,9.058187695449703
3008,9.058187695449703
3009,9.058187695449703
3010,9.058187695449703
3011,9.058187695449703
3012,9.058187695449703
3013,9.058187695449703
3014,9.058187695449703
3015,9.058187695449703
3016,9.058187695449703
3017,9.058187695449703
3018,9.058187695449703
3019,9.058187695449703
3020,9.058187695449703
3021,9.058187695449703
3022,9.058187695449703
3023,9.058187695449703
3024,9.058187695449703
3025,9.058187695449703
3026,9.058187695449703
3027,9.058187695449703
3028,9.058187695449703
3029,9.058187695449703
3030,9.058187695449703
3031,9.058187695449703
3032,9.058187695449703
3033,9.058187695449703
3034,9.058187695449703
3035,9.058187695449703
3036,9.058187695449703
3037,9.058187695449703
3038,9.058187695449703
3039,9.058187695449703
3040,9.058187695449703
3041,9.058187695449703
3042,9.058187695449703
3043,9.058187695449703
3044,9.058187695449703
3045,9.058187695449703
3046,9.058187695449703
3047,9.058187695449703
3048,9.058187695449703
3049,9.058187695449703
3050,9.058187695449703
3051,9.058187695449703
3052,9.058187695449703
3053,9.058187695449703
3054,9.058187695449703
3055,9.058187695449703
3056,9.058187695449703
3057,9.058187695449703
3058,9.058187695449703
3059,9.058187695449703
3060,9.058187695449703
3061,9.058187695449703
3062,9.058187695449703
3063,9.058187695449703
3064,9.058187695449703
3065,9.058187695449703
3066,9.058187695449703
3067,9.058187695449703
3068,9.058187695449703
3069,9.058187695449703
3070,9.058187695449703
3071,9.058187695449703
3072,9.058187695449703
3073,9.058187695449703
3074,9.058187695449703
3075,9.058187695449703
3076,9.058187695449703
3077,9.058187695449703
3078,9.058187695449703
3079,9.058187695449703
3080,9.058187695449703
3081,9.058187695449703
3082,9.058187695449703
3083,9.058187695449703
3084,9.058187695449703
3085,9.058187695449703
3086,9.058187695449703
3087,9.058187695449703
3088,9.058187695449703
3089,9.058187695449703
3090,9.058187695449703
3091,9.058187695449703
3092,9.058187695449703
3093,9.058187695449703
3094,9.058187695449703
3095,9.058187695449703
3096,9.058187695449703
3097,9.058187695449703
3098,9.058187695449703
3099,9.058187695449703
3100,9.058187695449703
3101,9.058187695449703
3102,9.058187695449703
3103,9.058187695449703
3104,9.058187695449703
3105,9.058187695449703
3106,9.058187695449703
3107,9.058187695449703
3108,9.058187695449703
3109,9.058187695449703
3110,9.058187695449703
3111,9.058187695449703
3112,9.058187695449703
3113,9.058187695449703
3114,9.058187695449703
3115,9.058187695449703
3116,9.058187695449703
3117,9.058187695449703
3118,9.058187695449703
3119,9.058187695449703
3120,9.058187695449703
3121,9.058187695449703
3122,9.058187695449703
3123,9.058187695449703
3124,9.058187695449703
3125,9.058187695449703
3126,9.058187695449703
3127,9.058187695449703
3128,9.058187695449703
3129,9.058187695449703
3130,9.058187695449703
3131,9.058187695449703
3132,9.058187695449703
3133,9.058187695449703
3134,9.058187695449703
3135,9.058187695449703
3136,9.058187695449703
3137,9.058187695449703
3138,9.058187695449703
3139,9.058187695449703
3140,9.058187695449703
3141,9.058187695449703
3142,9.058187695449703
3143,9.058187695449703
3144,9.058187695449703
3145,9.058187695449703
3146,9.058187695449703
3147,9.058187695449703
3148,9.058187695449703
3149,9.058187695449703
3150,9.058187695449703
3151,9.058187695449703
3152,9.058187695449703
3153,9.058187695449703
3154,9.058187695449703
3155,9.058187695449703
3156,9.058187695449703
3157,9.058187695449703
3158,9.058187695449703
3159,9.058187695449703
3160,9.058187695449703
3161,9.058187695449703
3162,9.058187695449703
3163,9.058187695449703
3164,9.058187695449703
3165,9.058187695449703
3166,9.058187695449703
3167,9.058187695449703
3168,9.058187695449703
3169,9.058187695449703
3170,9.058187695449703
3171,9.058187695449703
3172,9.058187695449703
3173,9.058187695449703
3174,9.058187695449703
3175,9.058187695449703
3176,9.058187695449703
3177,9.058187695449703
3178,9.058187695449703
3179,9.058187695449703
3180,9.058187695449703
3181,9.058187695449703
3182,9.058187695449703
3183,9.058187695449703
3184,9.058187695449703
3185,9.058187695449703
3186,9.058187695449703
3187,9.058187695449703
3188,9.058187695449703
3189,9.058187695449703
3190,9.058187695449703
3191,9.058187695449703
3192,9.058187695449703
3193,9.058187695449703
3194,9.058187695449703
3195,9.058187695449703
3196,9.058187695449703
3197,9.058187695449703
3198,9.058187695449703
3199,9.058187695449703
3200,9.058187695449703
3201,9.058187695449703
3202,9.058187695449703
3203,9.058187695449703
3204,9.058187695449703
3205,9.058187695449703
3206,9.058187695449703
3207,9.058187695449703
3208,9.058187695449703
3209,9.058187695449703
3210,9.058187695449703
3211,9.058187695449703
3212,9.058187695449703
3213,9.058187695449703
3214,9.058187695449703
3215,9.058187695449703
3216,9.058187695449703
3217,9.058187695449703
3218,9.058187695449703
3219,9.058187695449703
3220,9.058187695449703
3221,9.058187695449703
3222,9.058187695449703
3223,9.058187695449703
3224,9.058187695449703
3225,9.058187695449703
3226,9.058187695449703
3227,9.058187695449703
3228,9.058187695449703
3229,9.058187695449703
3230,9.058187695449703
3231,9.058187695449703
3232,9.058187695449703
3233,9.058187695449703
3234,9.058187695449703
3235,9.058187695449703
3236,9.058187695449703
3237,9.058187695449703
3238,9.058187695449703
3239,9.058187695449703
3240,9.058187695449703
3241,9.058187695449703
3242,9.058187695449703
3243,9.058187695449703
3244,9.058187695449703
3245,9.058187695449703
3246,9.058187695449703
3247,9.058187695449703
3248,9.058187695449703
3249,9.058187695449703
3250,9.058187695449703
3251,9.058187695449703
3252,9.058187695449703
3253,9.058187695449703
3254,9.058187695449703
3255,9.058187695449703
3256,9.058187695449703
3257,9.058187695449703
3258,9.058187695449703
3259,9.058187695449703
3260,9.058187695449703
3261,9.058187695449703
3262,9.058187695449703
3263,9.058187695449703
3264,9.058187695449703
3265,9.058187695449703
3266,9.058187695449703
3267,9.058187695449703
3268,9.058187695449703
3269,9.058187695449703
3270,9.058187695449703
3271,9.058187695449703
3272,9.058187695449703
3273,9.058187695449703
3274,9.058187695449703
3275,9.015464958458736
3276,9.015464958458736
3277,9.015464958458736
3278,9.015464958458736
3279,9.015464958458736
3280,9.015464958458736
3281,9.015464958458736
3282,9.015464958458736
3283,9.015464958458736
3284,9.015464958458736
3285,9.015464958458736
3286,9.015464958458736
3287,9.015464958458736
3288,9.015464958458736
3289,9.015464958458736
3290,9.015464958458736
3291,9.015464958458736
3292,9.015464958458736
3293,9.015464958458736
3294,9.015464958458736
3295,9.015464958458736
3296,9.015464958458736
3297,9.015464958458736
3298,9.015464958458736
3299,9.015464958458736
3300,9.015464958458736
3301,9.015464958458736
3302,9.015464958458736
3303,9.015464958458736
3304,9.015464958458736
3305,9.015464958458736
3306,9.015464958458736
3307,9.015464958458736
3308,9.015464958458736
3309,9.015464958458736
3310,9.015464958458736
3311,9.015464958458736
3312,9.015464958458736
3313,9.015464958458736
3314,9.015464958458736
3315,9.015464958458736
3316,9.015464958458736
3317,9.015464958458736
3318,9.015464958458736
3319,9.015464958458736
3320,9.015464958458736
3321,9.015464958458736
3322,9.015464958458736
3323,9.015464958458736
3324,9.015464958458736
3325,9.015464958458736
3326,9.015464958458736
3327,9.015464958458736
3328,9.015464958458736
3329,9.015464958458736
3330,9.015464958458736
3331,9.015464958458736
3332,9.015464958458736
3333,9.015464958458736
3334,9.015464958458736
3335,9.015464958458736
3336,9.015464958458736
3337,9.015464958458736
3338,9.015464958458736
3339,9.015464958458736
3340,9.015464958458736
3341,9.015464958458736
3342,9.015464958458736
3343,9.015464958458736
3344,9.015464958458736
3345,9.015464958458736
3346,9.015464958458736
3347,8.98263259806538
3348,8.98263259806538
3349,8.98263259806538
3350,8.98263259806538
3351,8.98263259806538
3352,8.98263259806538
3353,8.98263259806538
3354,8.98263259806538
3355,8.98263259806538
3356,8.98263259806538
3357,8.98263259806538
3358,8.98263259806538
3359,8.98263259806538
3360,8.98263259806538
3361,8.98263259806538
3362,8.98263259806538
3363,8.98263259806538
3364,8.98263259806538
3365,8.98263259806538
3366,8.98263259806538
3367,8.98263259806538
3368,8.98263259806538
3369,8.98263259806538
3370,8.98263259806538
3371,8.98263259806538
3372,8.98263259806538
3373,8.98263259806538
3374,8.98263259806538
3375,8.98263259806538
3376,8.98263259806538
3377,8.98263259806538
3378,8.98263259806538
3379,8.98263259806538
3380,8.98263259806538
3381,8.98263259806538
3382,8.98263259806538
3383,8.98263259806538
3384,8.98263259806538
3385,8.98263259806538
3386,8.98263259806538
3387,8.98263259806538
3388,8.98263259806538
3389,8.98263259806538
3390,8.98263259806538
3391,8.98263259806538
3392,8.98263259806538
3393,8.98263259806538
3394,8.892325596765678
3395,8.892325596765678
3396,8.892325596765678
3397,8.892325596765678
3398,8.892325596765678
3399,8.892325596765678
3400,8.892325596765678
3401,8.892325596765678
3402,8.892325596765678
3403,8.892325596765678
3404,8.892325596765678
3405,8.892325596765678
3406,8.892325596765678
3407,8.892325596765678
3408,8.892325596765678
3409,8.892325596765678
3410,8.892325596765678
3411,8.892325596765678
3412,8.892325596765678
3413,8.892325596765678
3414,8.892325596765678
3415,8.892325596765678
3416,8.892325596765678
3417,8.892325596765678
3418,8.892325596765678
3419,8.892325596765678
3420,8.892325596765678
3421,8.892325596765678
3422,8.892325596765678
3423,8.892325596765678
3424,8.892325596765678
3425,8.892325596765678
3426,8.892325596765678
3427,8.892325596765678
3428,8.892325596765678
3429,8.892325596765678
3430,8.892325596765678
3431,8.892325596765678
3432,8.892325596765678
3433,8.892325596765678
3434,8.892325596765678
3435,8.892325596765678
3436,8.892325596765678
3437,8.892325596765678
3438,8.892325596765678
3439,8.892325596765678
3440,8.892325596765678
3441,8.892325596765678
3442,8.892325596765678
3443,8.892325596765678
3444,8.892325596765678
3445,8.892325596765678
3446,8.892325596765678
3447,8.892325596765678
3448,8.892325596765678
3449,8.892325596765678
3450,8.892325596765678
3451,8.892325596765678
3452,8.892325596765678
3453,8.892325596765678
3454,8.892325596765678
3455,8.892325596765678
3456,8.892325596765678
3457,8.892325596765678
3458,8.892325596765678
3459,8.892325596765678
3460,8.892325596765678
3461,8.892325596765678
3462,8.892325596765678
3463,8.892325596765678
3464,8.892325596765678
3465,8.892325596765678
3466,8.892325596765678
3467,8.892325596765678
3468,8.892325596765678
3469,8.892325596765678
3470,8.892325596765678
3471,8.892325596765678
3472,8.892325596765678
3473,8.892325596765678
3474,8.892325596765678
3475,8.892325596765678
3476,8.892325596765678
3477,8.892325596765678
3478,8.892325596765678
3479,8.892325596765678
3480,8.892325596765678
3481,8.892325596765678
3482,8.892325596765678
3483,8.892325596765678
3484,8.892325596765678
3485,8.892325596765678
3486,8.892325596765678
3487,8.892325596765678
3488,8.892325596765678
3489,8.892325596765678
3490,8.892325596765678
3491,8.892325596765678
3492,8.892325596765678
3493,8.892325596765678
3494,8.892325596765678
3495,8.892325596765678
3496,8.892325596765678
3497,8.892325596765678
3498,8.892325596765678
3499,8.892325596765678
3500,8.892325596765678
3501,8.892325596765678
3502,8.892325596765678
3503,8.892325596765678
3504,8.892325596765678
3505,8.892325596765678
3506,8.892325596765678
3507,8.892325596765678
3508,8.892325596765678
3509,8.892325596765678
3510,8.892325596765678
3511,8.892325596765678
3512,8.892325596765678
3513,8.892325596765678
3514,8.892325596765678
3515,8.892325596765678
3516,8.892325596765678
3517,8.892325596765678
3518,8.892325596765678
3519,8.892325596765678
3520,8.892325596765678
3521,8.892325596765678
3522,8.892325596765678
3523,8.892325596765678
3524,8.892325596765678
3525,8.892325596765678
3526,8.892325596765678
3527,8.892325596765678
3528,8.892325596765678
3529,8.892325596765678
3530,8.892325596765678
3531,8.892325596765678
3532,8.892325596765678
3533,8.892325596765678
3534,8.892325596765678
3535,8.892325596765678
3536,8.892325596765678
3537,8.892325596765678
3538,8.892325596765678
3539,8.892325596765678
3540,8.892325596765678
3541,8.892325596765678
3542,8.892325596765678
3543,8.892325596765678
3544,8.892325596765678
3545,8.892325596765678
3546,8.892325596765678
3547,8.892325596765678
3548,8.892325596765678
3549,8.892325596765678
3550,8.892325596765678
3551,8.892325596765678
3552,8.892325596765678
3553,8.892325596765678
3554,8.892325596765678
3555,8.892325596765678
3556,8.892325596765678
3557,8.892325596765678
3558,8.892325596765678
3559,8.892325596765678
3560,8.892325596765678
3561,8.892325596765678
3562,8.892325596765678
3563,8.892325596765678
3564,8.892325596765678
3565,8.892325596765678
3566,8.892325596765678
3567,8.892325596765678
3568,8.892325596765678
3569,8.892325596765678
3570,8.892325596765678
3571,8.892325596765678
3572,8.892325596765678
3573,8.892325596765678
3574,8.892325596765678
3575,8.892325596765678
3576,8.892325596765678
3577,8.892325596765678
3578,8.892325596765678
3579,8.892325596765678
3580,8.892325596765678
3581,8.892325596765678
3582,8.892325596765678
3583,8.892325596765678
3584,8.892325596765678
3585,8.892325596765678
3586,8.892325596765678
3587,8.892325596765678
3588,8.892325596765678
3589,8.892325596765678
3590,8.892325596765678
3591,8.892325596765678
3592,8.892325596765678
3593,8.892325596765678
3594,8.892325596765678
3595,8.892325596765678
3596,8.892325596765678
3597,8.892325596765678
3598,8.892325596765678
3599,8.892325596765678
3600,8.892325596765678
3601,8.892325596765678
3602,8.892325596765678
3603,8.892325596765678
3604,8.892325596765678
3605,8.892325596765678
3606,8.892325596765678
3607,8.892325596765678
3608,8.892325596765678
3609,8.892325596765678
3610,8.892325596765678
3611,8.892325596765678
3612,8.892325596765678
3613,8.892325596765678
3614,8.892325596765678
3615,8.892325596765678
3616,8.892325596765678
3617,8.892325596765678
3618,8.892325596765678
3619,8.892325596765678
3620,8.892325596765678
3621,8.892325596765678
3622,8.892325596765678
3623,8.892325596765678
3624,8.892325596765678
3625,8.892325596765678
3626,8.892325596765678
3627,8.892325596765678
3628,8.892325596765678
3629,8.892325596765678
3630,8.892325596765678
3631,8.892325596765678
3632,8.892325596765678
3633,8.892325596765678
3634,8.892325596765678
3635,8.892325596765678
3636,8.892325596765678
3637,8.892325596765678
3638,8.892325596765678
3639,8.892325596765678
3640,8.892325596765678
3641,8.892325596765678
3642,8.892325596765678
3643,8.892325596765678
3644,8.892325596765678
3645,8.892325596765678
3646,8.892325596765678
3647,8.892325596765678
3648,8.892325596765678
3649,8.892325596765678
3650,8.892325596765678
3651,8.892325596765678
3652,8.892325596765678
3653,8.892325596765678
3654,8.892325596765678
3655,8.892325596765678
3656,8.892325596765678
3657,8.892325596765678
3658,8.892325596765678
3659,8.892325596765678
3660,8.892325596765678
3661,8.892325596765678
3662,8.892325596765678
3663,8.892325596765678
3664,8.892325596765678
3665,8.892325596765678
3666,8.892325596765678
3667,8.892325596765678
3668,8.892325596765678
3669,8.892325596765678
3670,8.892325596765678
3671,8.892325596765678
3672,8.892325596765678
3673,8.892325596765678
3674,8.892325596765678
3675,8.892325596765678
3676,8.892325596765678
3677,8.892325596765678
3678,8.892325596765678
3679,8.892325596765678
3680,8.892325596765678
3681,8.892325596765678
3682,8.892325596765678
3683,8.892325596765678
3684,8.892325596765678
3685,8.892325596765678
3686,8.892325596765678
3687,8.892325596765678
3688,8.892325596765678
3689,8.892325596765678
3690,8.892325596765678
3691,8.892325596765678
3692,8.892325596765678
3693,8.892325596765678
3694,8.892325596765678
3695,8.892325596765678
3696,8.892325596765678
3697,8.892325596765678
3698,8.892325596765678
3699,8.892325596765678
3700,8.892325596765678
3701,8.892325596765678
3702,8.892325596765678
3703,8.892325596765678
3704,8.892325596765678
3705,8.892325596765678
3706,8.892325596765678
3707,8.892325596765678
3708,8.892325596765678
3709,8.892325596765678
3710,8.892325596765678
3711,8.892325596765678
3712,8.892325596765678
3713,8.892325596765678
3714,8.892325596765678
3715,8.892325596765678
3716,8.892325596765678
3717,8.892325596765678
3718,8.892325596765678
3719,8.892325596765678
3720,8.892325596765678
3721,8.892325596765678
3722,8.892325596765678
3723,8.892325596765678
3724,8.892325596765678
3725,8.892325596765678
3726,8.892325596765678
3727,8.892325596765678
3728,8.892325596765678
3729,8.892325596765678
3730,8.892325596765678
3731,8.892325596765678
3732,8.892325596765678
3733,8.892325596765678
3734,8.892325596765678
3735,8.892325596765678
3736,8.892325596765678
3737,8.892325596765678
3738,8.892325596765678
3739,8.892325596765678
3740,8.892325596765678
3741,8.892325596765678
3742,8.892325596765678
3743,8.892325596765678
3744,8.892325596765678
3745,8.892325596765678
3746,8.892325596765678
3747,8.892325596765678
3748,8.892325596765678
3749,8.892325596765678
3750,8.892325596765678
3751,8.892325596765678
3752,8.892325596765678
3753,8.892325596765678
3754,8.892325596765678
3755,8.892325596765678
3756,8.892325596765678
3757,8.892325596765678
3758,8.892325596765678
3759,8.892325596765678
3760,8.892325596765678
3761,8.892325596765678
3762,8.892325596765678
3763,8.892325596765678
3764,8.892325596765678
3765,8.892325596765678
3766,8.892325596765678
3767,8.892325596765678
3768,8.892325596765678
3769,8.892325596765678
3770,8.892325596765678
3771,8.892325596765678
3772,8.892325596765678
3773,8.892325596765678
3774,8.892325596765678
3775,8.892325596765678
3776,8.892325596765678
3777,8.892325596765678
3778,8.892325596765678
3779,8.892325596765678
3780,8.892325596765678
3781,8.892325596765678
3782,8.892325596765678
3783,8.892325596765678
3784,8.892325596765678
3785,8.892325596765678
3786,8.892325596765678
3787,8.892325596765678
3788,8.892325596765678
3789,8.892325596765678
3790,8.892325596765678
3791,8.892325596765678
3792,8.892325596765678
3793,8.892325596765678
3794,8.892325596765678
3795,8.892325596765678
3796,8.892325596765678
3797,8.892325596765678
3798,8.892325596765678
3799,8.892325596765678
3800,8.892325596765678
3801,8.892325596765678
3802,8.892325596765678
3803,8.892325596765678
3804,8.892325596765678
3805,8.892325596765678
3806,8.892325596765678
3807,8.892325596765678
3808,8.892325596765678
3809,8.892325596765678
3810,8.892325596765678
3811,8.892325596765678
3812,8.892325596765678
3813,8.892325596765678
3814,8.892325596765678
3815,8.892325596765678
3816,8.892325596765678
3817,8.892325596765678
3818,8.892325596765678
3819,8.892325596765678
3820,8.892325596765678
3821,8.872903133718808
3822,8.872903133718808
3823,8.872903133718808
3824,8.872903133718808
3825,8.872903133718808
3826,8.872903133718808
3827,8.872903133718808
3828,8.872903133718808
3829,8.872903133718808
3830,8.872903133718808
3831,8.872903133718808
3832,8.872903133718808
3833,8.872903133718808
3834,8.872903133718808
3835,8.872903133718808
3836,8.872903133718808
3837,8.872903133718808
3838,8.872903133718808
3839,8.872903133718808
3840,8.872903133718808
3841,8.872903133718808
3842,8.872903133718808
3843,8.872903133718808
3844,8.872903133718808
3845,8.872903133718808
3846,8.872903133718808
3847,8.872903133718808
3848,8.872903133718808
3849,8.872903133718808
3850,8.872903133718808
3851,8.872903133718808
3852,8.872903133718808
3853,8.786086550953987
3854,8.786086550953987
3855,8.786086550953987
3856,8.786086550953987
3857,8.786086550953987
3858,8.786086550953987
3859,8.786086550953987
3860,8.786086550953987
3861,8.786086550953987
3862,8.786086550953987
3863,8.786086550953987
3864,8.786086550953987
3865,8.786086550953987
3866,8.786086550953987
3867,8.786086550953987
3868,8.786086550953987
3869,8.786086550953987
3870,8.786086550953987
3871,8.786086550953987
3872,8.786086550953987
3873,8.786086550953987
3874,8.786086550953987
3875,8.786086550953987
3876,8.786086550953987
3877,8.786086550953987
3878,8.786086550953987
3879,8.786086550953987
3880,8.786086550953987
3881,8.683698734216334
3882,8.683698734216334
3883,8.683698734216334
3884,8.683698734216334
3885,8.683698734216334
3886,8.683698734216334
3887,8.683698734216334
3888,8.683698734216334
3889,8.683698734216334
3890,8.683698734216334
3891,8.683698734216334
3892,8.683698734216334
3893,8.683698734216334
3894,8.683698734216334
3895,8.683698734216334
3896,8.683698734216334
3897,8.683698734216334
3898,8.683698734216334
3899,8.683698734216334
3900,8.683698734216334
3901,8.683698734216334
3902,8.683698734216334
3903,8.683698734216334
3904,8.683698734216334
3905,8.683698734216334
3906,8.683698734216334
3907,8.683698734216334
3908,8.683698734216334
3909,8.683698734216334
3910,8.683698734216334
3911,8.683698734216334
3912,8.683698734216334
3913,8.683698734216334
3914,8.683698734216334
3915,8.683698734216334
3916,8.683698734216334
3917,8.683698734216334
3918,8.683698734216334
3919,8.683698734216334
3920,8.683698734216334
3921,8.683698734216334
3922,8.683698734216334
3923,8.683698734216334
3924,8.683698734216334
3925,8.683698734216334
3926,8.683698734216334
3927,8.683698734216334
3928,8.683698734216334
3929,8.683698734216334
3930,8.683698734216334
3931,8.683698734216334
3932,8.683698734216334
3933,8.683698734216334
3934,8.683698734216334
3935,8.683698734216334
3936,8.683698734216334
3937,8.683698734216334
3938,8.683698734216334
3939,8.683698734216334
3940,8.683698734216334
3941,8.683698734216334
3942,8.683698734216334
3943,8.683698734216334
3944,8.683698734216334
3945,8.683698734216334
3946,8.683698734216334
3947,8.683698734216334
3948,8.683698734216334
3949,8.683698734216334
3950,8.683698734216334
3951,8.683698734216334
3952,8.683698734216334
3953,8.683698734216334
3954,8.683698734216334
3955,8.683698734216334
3956,8.683698734216334
3957,8.683698734216334
3958,8.683698734216334
3959,8.683698734216334
3960,8.683698734216334
3961,8.683698734216334
3962,8.683698734216334
3963,8.683698734216334
3964,8.683698734216334
3965,8.683698734216334
3966,8.683698734216334
3967,8.683698734216334
3968,8.683698734216334
3969,8.683698734216334
3970,8.683698734216334
3971,8.683698734216334
3972,8.683698734216334
3973,8.683698734216334
3974,8.683698734216334
3975,8.683698734216334
3976,8.683698734216334
3977,8.683698734216334
3978,8.683698734216334
3979,8.683698734216334
3980,8.683698734216334
3981,8.683698734216334
3982,8.683698734216334
3983,8.683698734216334
3984,8.683698734216334
3985,8.683698734216334
3986,8.683698734216334
3987,8.683698734216334
3988,8.683698734216334
3989,8.683698734216334
3990,8.683698734216334
3991,8.683698734216334
3992,8.683698734216334
3993,8.683698734216334
3994,8.683698734216334
3995,8.683698734216334
3996,8.683698734216334
3997,8.683698734216334
3998,8.683698734216334
3999,8.683698734216334
4000,8.683698734216334
4001,8.683698734216334
4002,8.683698734216334
4003,8.683698734216334
4004,8.683698734216334
4005,8.683698734216334
4006,8.683698734216334
4007,8.683698734216334
4008,8.683698734216334
4009,8.683698734216334
4010,8.683698734216334
4011,8.683698734216334
4012,8.683698734216334
4013,8.683698734216334
4014,8.683698734216334
4015,8.683698734216334
4016,8.683698734216334
4017,8.683698734216334
4018,8.683698734216334
4019,8.683698734216334
4020,8.683698734216334
4021,8.683698734216334
4022,8.683698734216334
4023,8.683698734216334
4024,8.678865410081961
4025,8.678865410081961
4026,8.678865410081961
4027,8.678865410081961
4028,8.678865410081961
4029,8.678865410081961
4030,8.678865410081961
4031,8.678865410081961
4032,8.678865410081961
4033,8.678865410081961
4034,8.678865410081961
4035,8.678865410081961
4036,8.678865410081961
4037,8.678865410081961
4038,8.678865410081961
4039,8.678865410081961
4040,8.678865410081961
4041,8.678865410081961
4042,8.678865410081961
4043,8.678865410081961
4044,8.678865410081961
4045,8.678865410081961
4046,8.678865410081961
4047,8.678865410081961
4048,8.678865410081961
4049,8.678865410081961
4050,8.678865410081961
4051,8.678865410081961
4052,8.678865410081961
4053,8.678865410081961
4054,8.678865410081961
4055,8.678865410081961
4056,8.678865410081961
4057,8.678865410081961
4058,8.678865410081961
4059,8.678865410081961
4060,8.678865410081961
4061,8.678865410081961
4062,8.678865410081961
4063,8.678865410081961
4064,8.678865410081961
4065,8.678865410081961
4066,8.678865410081961
4067,8.678865410081961
4068,8.678865410081961
4069,8.678865410081961
4070,8.678865410081961
4071,8.678865410081961
4072,8.678865410081961
4073,8.678865410081961
4074,8.678865410081961
4075,8.678865410081961
4076,8.678865410081961
4077,8.678865410081961
4078,8.678865410081961
4079,8.678865410081961
4080,8.678865410081961
4081,8.678865410081961
4082,8.678865410081961
4083,8.678865410081961
4084,8.678865410081961
4085,8.678865410081961
4086,8.678865410081961
4087,8.678865410081961
4088,8.678865410081961
4089,8.678865410081961
4090,8.678865410081961
4091,8.678865410081961
4092,8.678865410081961
4093,8.678865410081961
4094,8.678865410081961
4095,8.678865410081961
4096,8.678865410081961
4097,8.678865410081961
4098,8.678865410081961
4099,8.678865410081961
4100,8.678865410081961
4101,8.659423071769536
4102,8.626530588864847
4103,8.626530588864847
4104,8.60708825055242
4105,8.60708825055242
4106,8.60708825055242
4107,8.60708825055242
4108,8.60708825055242
4109,8.60708825055242
4110,8.60708825055242
4111,8.60708825055242
4112,8.60708825055242
4113,8.60708825055242
4114,8.60708825055242
4115,8.60708825055242
4116,8.60708825055242
4117,8.60708825055242
4118,8.60708825055242
4119,8.60708825055242
4120,8.60708825055242
4121,8.60708825055242
4122,8.60708825055242
4123,8.60708825055242
4124,8.60708825055242
4125,8.60708825055242
4126,8.60708825055242
4127,8.60708825055242
4128,8.60708825055242
4129,8.60708825055242
4130,8.60708825055242
4131,8.60708825055242
4132,8.60708825055242
4133,8.60708825055242
4134,8.60708825055242
4135,8.60708825055242
4136,8.60708825055242
4137,8.60708825055242
4138,8.60708825055242
4139,8.60708825055242
4140,8.60708825055242
4141,8.60708825055242
4142,8.60708825055242
4143,8.60708825055242
4144,8.60708825055242
4145,8.60708825055242
4146,8.60708825055242
4147,8.60708825055242
4148,8.60708825055242
4149,8.60708825055242
4150,8.60708825055242
4151,8.60708825055242
4152,8.60708825055242
4153,8.60708825055242
4154,8.60708825055242
4155,8.60708825055242
4156,8.60708825055242
4157,8.60708825055242
4158,8.60708825055242
4159,8.60708825055242
4160,8.60708825055242
4161,8.60708825055242
4162,8.60708825055242
4163,8.60708825055242
4164,8.60708825055242
4165,8.60708825055242
4166,8.60708825055242
4167,8.60708825055242
4168,8.60708825055242
4169,8.60708825055242
4170,8.60708825055242
4171,8.60708825055242
4172,8.60708825055242
4173,8.60708825055242
4174,8.60708825055242
4175,8.60708825055242
4176,8.60708825055242
4177,8.60708825055242
4178,8.60708825055242
4179,8.60708825055242
4180,8.60708825055242
4181,8.60708825055242
4182,8.60708825055242
4183,8.60708825055242
4184,8.60708825055242
4185,8.60708825055242
4186,8.60708825055242
4187,8.60708825055242
4188,8.60708825055242
4189,8.60708825055242
4190,8.60708825055242
4191,8.60708825055242
4192,8.60708825055242
4193,8.60708825055242
4194,8.60708825055242
4195,8.60708825055242
4196,8.60708825055242
4197,8.60708825055242
4198,8.60708825055242
4199,8.60708825055242
4200,8.60708825055242
4201,8.60708825055242
4202,8.60708825055242
4203,8.60708825055242
4204,8.60708825055242
4205,8.60708825055242
4206,8.60708825055242
4207,8.60708825055242
4208,8.60708825055242
4209,8.60708825055242
4210,8.60708825055242
4211,8.60708825055242
4212,8.60708825055242
4213,8.60708825055242
4214,8.60708825055242
4215,8.60708825055242
4216,8.60708825055242
4217,8.60708825055242
4218,8.60708825055242
4219,8.60708825055242
4220,8.60708825055242
4221,8.60708825055242
4222,8.60708825055242
4223,8.60708825055242
4224,8.60708825055242
4225,8.60708825055242
4226,8.60708825055242
4227,8.60708825055242
4228,8.60708825055242
4229,8.60708825055242
4230,8.60708825055242
4231,8.60708825055242
4232,8.60708825055242
4233,8.60708825055242
4234,8.60708825055242
4235,8.60708825055242
4236,8.60708825055242
4237,8.60708825055242
4238,8.60708825055242
4239,8.60708825055242
4240,8.60708825055242
4241,8.60708825055242
4242,8.60708825055242
4243,8.60708825055242
4244,8.60708825055242
4245,8.60708825055242
4246,8.60708825055242
4247,8.60708825055242
4248,8.60708825055242
4249,8.60708825055242
4250,8.60708825055242
4251,8.60708825055242
4252,8.60708825055242
4253,8.60708825055242
4254,8.60708825055242
4255,8.60708825055242
4256,8.60708825055242
4257,8.60708825055242
4258,8.60708825055242
4259,8.60708825055242
4260,8.60708825055242
4261,8.60708825055242
4262,8.60708825055242
4263,8.60708825055242
4264,8.60708825055242
4265,8.60708825055242
4266,8.60708825055242
4267,8.60708825055242
4268,8.60708825055242
4269,8.60708825055242
4270,8.60708825055242
4271,8.60708825055242
4272,8.60708825055242
4273,8.60708825055242
4274,8.60708825055242
4275,8.60708825055242
4276,8.60708825055242
4277,8.60708825055242
4278,8.60708825055242
4279,8.60708825055242
4280,8.60708825055242
4281,8.60708825055242
4282,8.60708825055242
4283,8.60708825055242
4284,8.60708825055242
4285,8.60708825055242
4286,8.60708825055242
4287,8.60708825055242
4288,8.60708825055242
4289,8.60708825055242
4290,8.60708825055242
4291,8.60708825055242
4292,8.60708825055242
4293,8.60708825055242
4294,8.60708825055242
4295,8.60708825055242
4296,8.60708825055242
4297,8.60708825055242
4298,8.60708825055242
4299,8.60708825055242
4300,8.60708825055242
4301,8.60708825055242
4302,8.60708825055242
4303,8.60708825055242
4304,8.60708825055242
4305,8.60708825055242
4306,8.60708825055242
4307,8.60708825055242
4308,8.60708825055242
4309,8.60708825055242
4310,8.60708825055242
4311,8.60708825055242
4312,8.60708825055242
4313,8.60708825055242
4314,8.60708825055242
4315,8.60708825055242
4316,8.60708825055242
4317,8.60708825055242
4318,8.60708825055242
4319,8.60708825055242
4320,8.60708825055242
4321,8.60708825055242
4322,8.60708825055242
4323,8.60708825055242
4324,8.60708825055242
4325,8.60708825055242
4326,8.60708825055242
4327,8.60708825055242
4328,8.60708825055242
4329,8.60708825055242
4330,8.60708825055242
4331,8.60708825055242
4332,8.60708825055242
4333,8.60708825055242
4334,8.60708825055242
4335,8.60708825055242
4336,8.60708825055242
4337,8.60708825055242
4338,8.60708825055242
4339,8.60708825055242
4340,8.60708825055242
4341,8.60708825055242
4342,8.60708825055242
4343,8.60708825055242
4344,8.60708825055242
4345,8.60708825055242
4346,8.60708825055242
4347,8.60708825055242
4348,8.60708825055242
4349,8.60708825055242
4350,8.60708825055242
4351,8.60708825055242
4352,8.60708825055242
4353,8.60708825055242
4354,8.60708825055242
4355,8.60708825055242
4356,8.60708825055242
4357,8.60708825055242
4358,8.60708825055242
4359,8.60708825055242
4360,8.60708825055242
4361,8.60708825055242
4362,8.60708825055242
4363,8.60708825055242
4364,8.60708825055242
4365,8.60708825055242
4366,8.60708825055242
4367,8.60708825055242
4368,8.60708825055242
4369,8.60708825055242
4370,8.60708825055242
4371,8.60708825055242
4372,8.60708825055242
4373,8.60708825055242
4374,8.60708825055242
4375,8.60708825055242
4376,8.60708825055242
4377,8.60708825055242
4378,8.60708825055242
4379,8.60708825055242
4380,8.60708825055242
4381,8.60708825055242
4382,8.60708825055242
4383,8.60708825055242
4384,8.60708825055242
4385,8.60708825055242
4386,8.60708825055242
4387,8.60708825055242
4388,8.60708825055242
4389,8.60708825055242
4390,8.60708825055242
4391,8.60708825055242
4392,8.60708825055242
4393,8.60708825055242
4394,8.60708825055242
4395,8.60708825055242
4396,8.60708825055242
4397,8.60708825055242
4398,8.60708825055242
4399,8.60708825055242
4400,8.60708825055242
4401,8.60708825055242
4402,8.60708825055242
4403,8.60708825055242
4404,8.60708825055242
4405,8.60708825055242
4406,8.60708825055242
4407,8.60708825055242
4408,8.60708825055242
4409,8.60708825055242
4410,8.60708825055242
4411,8.60708825055242
4412,8.60708825055242
4413,8.60708825055242
4414,8.60708825055242
4415,8.60708825055242
4416,8.60708825055242
4417,8.60708825055242
4418,8.60708825055242
4419,8.60708825055242
4420,8.60708825055242
4421,8.60708825055242
4422,8.60708825055242
4423,8.60708825055242
4424,8.60708825055242
4425,8.60708825055242
4426,8.60708825055242
4427,8.60708825055242
4428,8.60708825055242
4429,8.60708825055242
4430,8.60708825055242
4431,8.60708825055242
4432,8.60708825055242
4433,8.60708825055242
4434,8.60708825055242
4435,8.60708825055242
4436,8.60708825055242
4437,8.60708825055242
4438,8.60708825055242
4439,8.60708825055242
4440,8.60708825055242
4441,8.60708825055242
4442,8.60708825055242
4443,8.60708825055242
4444,8.60708825055242
4445,8.60708825055242
4446,8.60708825055242
4447,8.60708825055242
4448,8.60708825055242
4449,8.60708825055242
4450,8.60708825055242
4451,8.60708825055242
4452,8.60708825055242
4453,8.60708825055242
4454,8.60708825055242
4455,8.60708825055242
4456,8.60708825055242
4457,8.60708825055242
4458,8.60708825055242
4459,8.60708825055242
4460,8.60708825055242
4461,8.60708825055242
4462,8.60708825055242
4463,8.60708825055242
4464,8.60708825055242
4465,8.60708825055242
4466,8.60708825055242
4467,8.60708825055242
4468,8.60708825055242
4469,8.60708825055242
4470,8.60708825055242
4471,8.60708825055242
4472,8.60708825055242
4473,8.60708825055242
4474,8.60708825055242
4475,8.60708825055242
4476,8.60708825055242
4477,8.60708825055242
4478,8.60708825055242
4479,8.60708825055242
4480,8.60708825055242
4481,8.60708825055242
4482,8.60708825055242
4483,8.60708825055242
4484,8.60708825055242
4485,8.60708825055242
4486,8.60708825055242
4487,8.60708825055242
4488,8.60708825055242
4489,8.60708825055242
4490,8.60708825055242
4491,8.60708825055242
4492,8.60708825055242
4493,8.60708825055242
4494,8.60708825055242
4495,8.60708825055242
4496,8.60708825055242
4497,8.60708825055242
4498,8.60708825055242
4499,8.60708825055242
4500,8.60708825055242
4501,8.60708825055242
4502,8.60708825055242
4503,8.60708825055242
4504,8.60708825055242
4505,8.60708825055242
4506,8.60708825055242
4507,8.60708825055242
4508,8.60708825055242
4509,8.60708825055242
4510,8.60708825055242
4511,8.60708825055242
4512,8.60708825055242
4513,8.60708825055242
4514,8.60708825055242
4515,8.60708825055242
4516,8.60708825055242
4517,8.60708825055242
4518,8.60708825055242
4519,8.60708825055242
4520,8.60708825055242
4521,8.60708825055242
4522,8.60708825055242
4523,8.60708825055242
4524,8.60708825055242
4525,8.60708825055242
4526,8.60708825055242
4527,8.60708825055242
4528,8.60708825055242
4529,8.60708825055242
4530,8.60708825055242
4531,8.60708825055242
4532,8.60708825055242
4533,8.60708825055242
4534,8.60708825055242
4535,8.60708825055242
4536,8.60708825055242
4537,8.60708825055242
4538,8.60708825055242
4539,8.60708825055242
4540,8.60708825055242
4541,8.60708825055242
4542,8.60708825055242
4543,8.60708825055242
4544,8.60708825055242
4545,8.60708825055242
4546,8.60708825055242
4547,8.60708825055242
4548,8.60708825055242
4549,8.60708825055242
4550,8.60708825055242
4551,8.60708825055242
4552,8.60708825055242
4553,8.60708825055242
4554,8.60708825055242
4555,8.60708825055242
4556,8.60708825055242
4557,8.60708825055242
4558,8.60708825055242
4559,8.60708825055242
4560,8.60708825055242
4561,8.60708825055242
4562,8.60708825055242
4563,8.563917076801488
4564,8.563917076801488
4565,8.563917076801488
4566,8.563917076801488
4567,8.563917076801488
4568,8.506485262673523
4569,8.506485262673523
4570,8.506485262673523
4571,8.506485262673523
4572,8.506485262673523
4573,8.506485262673523
4574,8.506485262673523
4575,8.506485262673523
4576,8.506485262673523
4577,8.506485262673523
4578,8.506485262673523
4579,8.506485262673523
4580,8.506485262673523
4581,8.506485262673523
4582,8.506485262673523
4583,8.506485262673523
4584,8.506485262673523
4585,8.506485262673523
4586,8.506485262673523
4587,8.506485262673523
4588,8.506485262673523
4589,8.506485262673523
4590,8.506485262673523
4591,8.506485262673523
4592,8.506485262673523
4593,8.506485262673523
4594,8.506485262673523
4595,8.506485262673523
4596,8.506485262673523
4597,8.506485262673523
4598,8.506485262673523
4599,8.506485262673523
4600,8.506485262673523
4601,8.506485262673523
4602,8.506485262673523
4603,8.506485262673523
4604,8.506485262673523
4605,8.506485262673523
4606,8.506485262673523
4607,8.506485262673523
4608,8.506485262673523
4609,8.506485262673523
4610,8.506485262673523
4611,8.506485262673523
4612,8.506485262673523
4613,8.506485262673523
4614,8.506485262673523
4615,8.506485262673523
4616,8.506485262673523
4617,8.506485262673523
4618,8.506485262673523
4619,8.506485262673523
4620,8.506485262673523
4621,8.506485262673523
4622,8.506485262673523
4623,8.506485262673523
4624,8.506485262673523
4625,8.506485262673523
4626,8.506485262673523
4627,8.506485262673523
4628,8.506485262673523
4629,8.506485262673523
4630,8.506485262673523
4631,8.506485262673523
4632,8.506485262673523
4633,8.506485262673523
4634,8.506485262673523
4635,8.506485262673523
4636,8.506485262673523
4637,8.506485262673523
4638,8.506485262673523
4639,8.506485262673523
4640,8.506485262673523
4641,8.506485262673523
4642,8.506485262673523
4643,8.506485262673523
4644,8.506485262673523
4645,8.506485262673523
4646,8.506485262673523
4647,8.506485262673523
4648,8.506485262673523
4649,8.506485262673523
4650,8.506485262673523
4651,8.506485262673523
4652,8.506485262673523
4653,8.506485262673523
4654,8.506485262673523
4655,8.506485262673523
4656,8.506485262673523
4657,8.506485262673523
4658,8.506485262673523
4659,8.506485262673523
4660,8.506485262673523
4661,8.506485262673523
4662,8.506485262673523
4663,8.506485262673523
4664,8.506485262673523
4665,8.506485262673523
4666,8.506485262673523
4667,8.506485262673523
4668,8.506485262673523
4669,8.506485262673523
4670,8.506485262673523
4671,8.506485262673523
4672,8.506485262673523
4673,8.506485262673523
4674,8.506485262673523
4675,8.506485262673523
4676,8.506485262673523
4677,8.506485262673523
4678,8.506485262673523
4679,8.506485262673523
4680,8.506485262673523
4681,8.506485262673523
4682,8.506485262673523
4683,8.506485262673523
4684,8.506485262673523
4685,8.506485262673523
4686,8.506485262673523
4687,8.506485262673523
4688,8.506485262673523
4689,8.506485262673523
4690,8.506485262673523
4691,8.506485262673523
4692,8.506485262673523
4693,8.506485262673523
4694,8.506485262673523
4695,8.506485262673523
4696,8.506485262673523
4697,8.506485262673523
4698,8.506485262673523
4699,8.506485262673523
4700,8.506485262673523
4701,8.506485262673523
4702,8.506485262673523
4703,8.506485262673523
4704,8.506485262673523
4705,8.506485262673523
4706,8.506485262673523
4707,8.506485262673523
4708,8.506485262673523
4709,8.506485262673523
4710,8.506485262673523
4711,8.506485262673523
4712,8.506485262673523
4713,8.506485262673523
4714,8.506485262673523
4715,8.506485262673523
4716,8.506485262673523
4717,8.506485262673523
4718,8.506485262673523
4719,8.506485262673523
4720,8.506485262673523
4721,8.506485262673523
4722,8.506485262673523
4723,8.506485262673523
4724,8.506485262673523
4725,8.506485262673523
4726,8.506485262673523
4727,8.506485262673523
4728,8.506485262673523
4729,8.506485262673523
4730,8.506485262673523
4731,8.506485262673523
4732,8.506485262673523
4733,8.506485262673523
4734,8.506485262673523
4735,8.506485262673523
4736,8.506485262673523
4737,8.506485262673523
4738,8.506485262673523
4739,8.506485262673523
4740,8.506485262673523
4741,8.506485262673523
4742,8.506485262673523
4743,8.506485262673523
4744,8.506485262673523
4745,8.506485262673523
4746,8.506485262673523
4747,8.506485262673523
4748,8.506485262673523
4749,8.506485262673523
4750,8.506485262673523
4751,8.506485262673523
4752,8.506485262673523
4753,8.506485262673523
4754,8.506485262673523
4755,8.506485262673523
4756,8.506485262673523
4757,8.506485262673523
4758,8.506485262673523
4759,8.506485262673523
4760,8.506485262673523
4761,8.506485262673523
4762,8.506485262673523
4763,8.506485262673523
4764,8.506485262673523
4765,8.506485262673523
4766,8.506485262673523
4767,8.506485262673523
4768,8.506485262673523
4769,8.506485262673523
4770,8.506485262673523
4771,8.506485262673523
4772,8.506485262673523
4773,8.506485262673523
4774,8.506485262673523
4775,8.506485262673523
4776,8.506485262673523
4777,8.506485262673523
4778,8.506485262673523
4779,8.506485262673523
4780,8.506485262673523
4781,8.506485262673523
4782,8.506485262673523
4783,8.506485262673523
4784,8.506485262673523
4785,8.506485262673523
4786,8.506485262673523
4787,8.506485262673523
4788,8.506485262673523
4789,8.506485262673523
4790,8.506485262673523
4791,8.506485262673523
4792,8.506485262673523
4793,8.506485262673523
4794,8.506485262673523
4795,8.506485262673523
4796,8.506485262673523
4797,8.506485262673523
4798,8.506485262673523
4799,8.506485262673523
4800,8.506485262673523
4801,8.506485262673523
4802,8.506485262673523
4803,8.506485262673523
4804,8.506485262673523
4805,8.506485262673523
4806,8.506485262673523
4807,8.506485262673523
4808,8.506485262673523
4809,8.506485262673523
4810,8.506485262673523
4811,8.506485262673523
4812,8.506485262673523
4813,8.506485262673523
4814,8.506485262673523
4815,8.506485262673523
4816,8.506485262673523
4817,8.506485262673523
4818,8.506485262673523
4819,8.506485262673523
4820,8.506485262673523
4821,8.506485262673523
4822,8.506485262673523
4823,8.506485262673523
4824,8.506485262673523
4825,8.506485262673523
4826,8.506485262673523
4827,8.506485262673523
4828,8.506485262673523
4829,8.506485262673523
4830,8.506485262673523
4831,8.506485262673523
4832,8.506485262673523
4833,8.506485262673523
4834,8.506485262673523
4835,8.506485262673523
4836,8.506485262673523
4837,8.506485262673523
4838,8.506485262673523
4839,8.506485262673523
4840,8.506485262673523
4841,8.506485262673523
4842,8.506485262673523
4843,8.506485262673523
4844,8.506485262673523
4845,8.506485262673523
4846,8.506485262673523
4847,8.506485262673523
4848,8.506485262673523
4849,8.506485262673523
4850,8.506485262673523
4851,8.506485262673523
4852,8.506485262673523
4853,8.506485262673523
4854,8.506485262673523
4855,8.506485262673523
4856,8.506485262673523
4857,8.506485262673523
4858,8.506485262673523
4859,8.506485262673523
4860,8.506485262673523
4861,8.506485262673523
4862,8.506485262673523
4863,8.506485262673523
4864,8.506485262673523
4865,8.506485262673523
4866,8.506485262673523
4867,8.506485262673523
4868,8.506485262673523
4869,8.506485262673523
4870,8.506485262673523
4871,8.506485262673523
4872,8.506485262673523
4873,8.506485262673523
4874,8.506485262673523
4875,8.506485262673523
4876,8.506485262673523
4877,8.506485262673523
4878,8.506485262673523
4879,8.506485262673523
4880,8.506485262673523
4881,8.506485262673523
4882,8.506485262673523
4883,8.506485262673523
4884,8.506485262673523
4885,8.506485262673523
4886,8.506485262673523
4887,8.506485262673523
4888,8.506485262673523
4889,8.506485262673523
4890,8.506485262673523
4891,8.506485262673523
4892,8.506485262673523
4893,8.506485262673523
4894,8.506485262673523
4895,8.506485262673523
4896,8.506485262673523
4897,8.506485262673523
4898,8.506485262673523
4899,8.506485262673523
4900,8.506485262673523
4901,8.506485262673523
4902,8.506485262673523
4903,8.506485262673523
4904,8.506485262673523
4905,8.506485262673523
4906,8.506485262673523
4907,8.506485262673523
4908,8.506485262673523
4909,8.506485262673523
4910,8.506485262673523
4911,8.506485262673523
4912,8.506485262673523
4913,8.506485262673523
4914,8.506485262673523
4915,8.506485262673523
4916,8.506485262673523
4917,8.506485262673523
4918,8.506485262673523
4919,8.506485262673523
4920,8.506485262673523
4921,8.506485262673523
4922,8.506485262673523
4923,8.506485262673523
4924,8.506485262673523
4925,8.506485262673523
4926,8.506485262673523
4927,8.506485262673523
4928,8.506485262673523
4929,8.506485262673523
4930,8.506485262673523
4931,8.506485262673523
4932,8.506485262673523
4933,8.506485262673523
4934,8.506485262673523
4935,8.506485262673523
4936,8.506485262673523
4937,8.506485262673523
4938,8.506485262673523
4939,8.506485262673523
4940,8.506485262673523
4941,8.506485262673523
4942,8.506485262673523
4943,8.506485262673523
4944,8.506485262673523
4945,8.506485262673523
4946,8.506485262673523
4947,8.506485262673523
4948,8.506485262673523
4949,8.506485262673523
4950,8.506485262673523
4951,8.506485262673523
4952,8.506485262673523
4953,8.506485262673523
4954,8.506485262673523
4955,8.506485262673523
4956,8.506485262673523
4957,8.506485262673523
4958,8.506485262673523
4959,8.506485262673523
4960,8.506485262673523
4961,8.506485262673523
4962,8.506485262673523
4963,8.506485262673523
4964,8.506485262673523
4965,8.506485262673523
4966,8.506485262673523
4967,8.506485262673523
4968,8.506485262673523
4969,8.506485262673523
4970,8.506485262673523
4971,8.506485262673523
4972,8.506485262673523
4973,8.506485262673523
4974,8.506485262673523
4975,8.506485262673523
4976,8.506485262673523
4977,8.506485262673523
4978,8.506485262673523
4979,8.506485262673523
4980,8.506485262673523
4981,8.506485262673523
4982,8.506485262673523
4983,8.506485262673523
4984,8.506485262673523
4985,8.506485262673523
4986,8.506485262673523
4987,8.506485262673523
4988,8.506485262673523
4989,8.506485262673523
4990,8.506485262673523
4991,8.506485262673523
4992,8.506485262673523
4993,8.506485262673523
4994,8.506485262673523
4995,8.506485262673523
4996,8.506485262673523
4997,8.506485262673523
4998,8.506485262673523
4999,8.506485262673523
5000,8.506485262673523
5001,8.506485262673523
5002,8.506485262673523
5003,8.506485262673523
5004,8.506485262673523
5005,8.506485262673523
5006,8.506485262673523
5007,8.506485262673523
5008,8.506485262673523
5009,8.506485262673523
5010,8.506485262673523
5011,8.506485262673523
5012,8.506485262673523
5013,8.506485262673523
5014,8.506485262673523
5015,8.506485262673523
5016,8.506485262673523
5017,8.506485262673523
5018,8.506485262673523
5019,8.506485262673523
5020,8.506485262673523
5021,8.506485262673523
5022,8.506485262673523
5023,8.506485262673523
5024,8.506485262673523
5025,8.506485262673523
5026,8.506485262673523
5027,8.506485262673523
5028,8.506485262673523
5029,8.506485262673523
5030,8.506485262673523
5031,8.506485262673523
5032,8.506485262673523
5033,8.506485262673523
5034,8.506485262673523
5035,8.506485262673523
5036,8.506485262673523
5037,8.506485262673523
5038,8.506485262673523
5039,8.506485262673523
5040,8.506485262673523
5041,8.506485262673523
5042,8.506485262673523
5043,8.506485262673523
5044,8.506485262673523
5045,8.506485262673523
5046,8.506485262673523
5047,8.506485262673523
5048,8.506485262673523
5049,8.506485262673523
5050,8.506485262673523
5051,8.506485262673523
5052,8.506485262673523
5053,8.506485262673523
5054,8.506485262673523
5055,8.506485262673523
5056,8.506485262673523
5057,8.506485262673523
5058,8.506485262673523
5059,8.506485262673523
5060,8.506485262673523
5061,8.506485262673523
5062,8.506485262673523
5063,8.506485262673523
5064,8.506485262673523
5065,8.506485262673523
5066,8.506485262673523
5067,8.506485262673523
5068,8.506485262673523
5069,8.506485262673523
5070,8.506485262673523
5071,8.506485262673523
5072,8.506485262673523
5073,8.506485262673523
5074,8.506485262673523
5075,8.506485262673523
5076,8.506485262673523
5077,8.506485262673523
5078,8.506485262673523
5079,8.506485262673523
5080,8.506485262673523
5081,8.506485262673523
5082,8.506485262673523
5083,8.506485262673523
5084,8.506485262673523
5085,8.506485262673523
5086,8.506485262673523
5087,8.506485262673523
5088,8.506485262673523
5089,8.506485262673523
5090,8.506485262673523
5091,8.506485262673523
5092,8.506485262673523
5093,8.506485262673523
5094,8.506485262673523
5095,8.506485262673523
5096,8.506485262673523
5097,8.506485262673523
5098,8.506485262673523
5099,8.506485262673523
5100,8.506485262673523
5101,8.506485262673523
5102,8.506485262673523
5103,8.506485262673523
5104,8.506485262673523
5105,8.506485262673523
5106,8.506485262673523
5107,8.506485262673523
5108,8.506485262673523
5109,8.506485262673523
5110,8.506485262673523
5111,8.506485262673523
5112,8.506485262673523
5113,8.506485262673523
5114,8.506485262673523
5115,8.506485262673523
5116,8.506485262673523
5117,8.506485262673523
5118,8.506485262673523
5119,8.506485262673523
5120,8.506485262673523
5121,8.506485262673523
5122,8.506485262673523
5123,8.506485262673523
5124,8.506485262673523
5125,8.506485262673523
5126,8.506485262673523
5127,8.506485262673523
5128,8.506485262673523
5129,8.506485262673523
5130,8.506485262673523
5131,8.506485262673523
5132,8.506485262673523
5133,8.506485262673523
5134,8.506485262673523
5135,8.506485262673523
5136,8.506485262673523
5137,8.506485262673523
5138,8.506485262673523
5139,8.506485262673523
5140,8.506485262673523
5141,8.506485262673523
5142,8.506485262673523
5143,8.506485262673523
5144,8.506485262673523
5145,8.506485262673523
5146,8.506485262673523
5147,8.506485262673523
5148,8.506485262673523
5149,8.506485262673523
5150,8.506485262673523
5151,8.506485262673523
5152,8.506485262673523
5153,8.506485262673523
5154,8.506485262673523
5155,8.506485262673523
5156,8.506485262673523
5157,8.506485262673523
5158,8.506485262673523
5159,8.506485262673523
5160,8.506485262673523
5161,8.506485262673523
5162,8.506485262673523
5163,8.506485262673523
5164,8.506485262673523
5165,8.506485262673523
5166,8.506485262673523
5167,8.506485262673523
5168,8.506485262673523
5169,8.506485262673523
5170,8.506485262673523
5171,8.506485262673523
5172,8.506485262673523
5173,8.506485262673523
5174,8.506485262673523
5175,8.506485262673523
5176,8.506485262673523
5177,8.506485262673523
5178,8.506485262673523
5179,8.506485262673523
5180,8.506485262673523
5181,8.506485262673523
5182,8.506485262673523
5183,8.506485262673523
5184,8.506485262673523
5185,8.506485262673523
5186,8.506485262673523
5187,8.506485262673523
5188,8.506485262673523
5189,8.506485262673523
5190,8.506485262673523
5191,8.506485262673523
5192,8.506485262673523
5193,8.506485262673523
5194,8.506485262673523
5195,8.506485262673523
5196,8.506485262673523
5197,8.506485262673523
5198,8.506485262673523
5199,8.506485262673523
5200,8.506485262673523
5201,8.506485262673523
5202,8.506485262673523
5203,8.506485262673523
5204,8.506485262673523
5205,8.506485262673523
5206,8.506485262673523
5207,8.506485262673523
5208,8.506485262673523
5209,8.506485262673523
5210,8.506485262673523
5211,8.506485262673523
5212,8.506485262673523
5213,8.506485262673523
5214,8.506485262673523
5215,8.506485262673523
5216,8.506485262673523
5217,8.506485262673523
5218,8.506485262673523
5219,8.506485262673523
5220,8.506485262673523
5221,8.506485262673523
5222,8.506485262673523
5223,8.506485262673523
5224,8.506485262673523
5225,8.506485262673523
5226,8.506485262673523
5227,8.506485262673523
5228,8.506485262673523
5229,8.506485262673523
5230,8.506485262673523
5231,8.506485262673523
5232,8.506485262673523
5233,8.506485262673523
5234,8.506485262673523
5235,8.506485262673523
5236,8.506485262673523
5237,8.506485262673523
5238,8.506485262673523
5239,8.506485262673523
5240,8.506485262673523
5241,8.506485262673523
5242,8.506485262673523
5243,8.506485262673523
5244,8.506485262673523
5245,8.506485262673523
5246,8.506485262673523
5247,8.506485262673523
5248,8.506485262673523
5249,8.506485262673523
5250,8.506485262673523
5251,8.506485262673523
5252,8.506485262673523
5253,8.506485262673523
5254,8.506485262673523
5255,8.506485262673523
5256,8.506485262673523
5257,8.506485262673523
5258,8.506485262673523
5259,8.506485262673523
5260,8.506485262673523
5261,8.506485262673523
5262,8.506485262673523
5263,8.506485262673523
5264,8.506485262673523
5265,8.506485262673523
5266,8.506485262673523
5267,8.506485262673523
5268,8.506485262673523
5269,8.506485262673523
5270,8.506485262673523
5271,8.506485262673523
5272,8.506485262673523
5273,8.506485262673523
5274,8.506485262673523
5275,8.506485262673523
5276,8.506485262673523
5277,8.506485262673523
5278,8.506485262673523
5279,8.506485262673523
5280,8.506485262673523
5281,8.506485262673523
5282,8.506485262673523
5283,8.506485262673523
5284,8.506485262673523
5285,8.506485262673523
5286,8.506485262673523
5287,8.506485262673523
5288,8.506485262673523
5289,8.506485262673523
5290,8.506485262673523
5291,8.506485262673523
5292,8.506485262673523
5293,8.506485262673523
5294,8.506485262673523
5295,8.506485262673523
5296,8.506485262673523
5297,8.506485262673523
5298,8.506485262673523
5299,8.506485262673523
5300,8.506485262673523
5301,8.506485262673523
5302,8.506485262673523
5303,8.506485262673523
5304,8.506485262673523
5305,8.506485262673523
5306,8.506485262673523
5307,8.506485262673523
5308,8.506485262673523
5309,8.506485262673523
5310,8.506485262673523
5311,8.506485262673523
5312,8.506485262673523
5313,8.506485262673523
5314,8.506485262673523
5315,8.506485262673523
5316,8.506485262673523
5317,8.506485262673523
5318,8.506485262673523
5319,8.506485262673523
5320,8.506485262673523
5321,8.506485262673523
5322,8.506485262673523
5323,8.506485262673523
5324,8.506485262673523
5325,8.506485262673523
5326,8.506485262673523
5327,8.506485262673523
5328,8.506485262673523
5329,8.506485262673523
5330,8.506485262673523
5331,8.506485262673523
5332,8.506485262673523
5333,8.506485262673523
5334,8.506485262673523
5335,8.506485262673523
5336,8.506485262673523
5337,8.506485262673523
5338,8.506485262673523
5339,8.506485262673523
5340,8.506485262673523
5341,8.506485262673523
5342,8.506485262673523
5343,8.506485262673523
5344,8.506485262673523
5345,8.506485262673523
5346,8.506485262673523
5347,8.506485262673523
5348,8.506485262673523
5349,8.506485262673523
5350,8.506485262673523
5351,8.506485262673523
5352,8.506485262673523
5353,8.506485262673523
5354,8.506485262673523
5355,8.506485262673523
5356,8.506485262673523
5357,8.506485262673523
5358,8.506485262673523
5359,8.506485262673523
5360,8.506485262673523
5361,8.506485262673523
5362,8.506485262673523
5363,8.506485262673523
5364,8.506485262673523
5365,8.506485262673523
5366,8.506485262673523
5367,8.506485262673523
5368,8.506485262673523
5369,8.506485262673523
5370,8.506485262673523
5371,8.506485262673523
5372,8.506485262673523
5373,8.506485262673523
5374,8.506485262673523
5375,8.506485262673523
5376,8.506485262673523
5377,8.506485262673523
5378,8.506485262673523
5379,8.506485262673523
5380,8.506485262673523
5381,8.506485262673523
5382,8.506485262673523
5383,8.506485262673523
5384,8.506485262673523
5385,8.506485262673523
5386,8.506485262673523
5387,8.506485262673523
5388,8.506485262673523
5389,8.506485262673523
5390,8.506485262673523
5391,8.506485262673523
5392,8.506485262673523
5393,8.506485262673523
5394,8.506485262673523
5395,8.506485262673523
5396,8.506485262673523
5397,8.506485262673523
5398,8.506485262673523
5399,8.506485262673523
5400,8.506485262673523
5401,8.506485262673523
5402,8.506485262673523
5403,8.506485262673523
5404,8.506485262673523
5405,8.506485262673523
5406,8.506485262673523
5407,8.506485262673523
5408,8.506485262673523
5409,8.506485262673523
5410,8.506485262673523
5411,8.506485262673523
5412,8.506485262673523
5413,8.506485262673523
5414,8.506485262673523
5415,8.506485262673523
5416,8.506485262673523
5417,8.506485262673523
5418,8.506485262673523
5419,8.506485262673523
5420,8.506485262673523
5421,8.506485262673523
5422,8.506485262673523
5423,8.506485262673523
5424,8.506485262673523
5425,8.506485262673523
5426,8.506485262673523
5427,8.506485262673523
5428,8.506485262673523
5429,8.506485262673523
5430,8.506485262673523
5431,8.506485262673523
5432,8.506485262673523
5433,8.506485262673523
5434,8.506485262673523
5435,8.506485262673523
5436,8.506485262673523
5437,8.506485262673523
5438,8.506485262673523
5439,8.506485262673523
5440,8.506485262673523
5441,8.506485262673523
5442,8.506485262673523
5443,8.506485262673523
5444,8.506485262673523
5445,8.506485262673523
5446,8.506485262673523
5447,8.506485262673523
5448,8.506485262673523
5449,8.506485262673523
5450,8.506485262673523
5451,8.506485262673523
5452,8.506485262673523
5453,8.506485262673523
5454,8.506485262673523
5455,8.506485262673523
5456,8.506485262673523
5457,8.506485262673523
5458,8.506485262673523
5459,8.506485262673523
5460,8.506485262673523
5461,8.506485262673523
5462,8.506485262673523
5463,8.506485262673523
5464,8.506485262673523
5465,8.506485262673523
5466,8.506485262673523
5467,8.506485262673523
5468,8.506485262673523
5469,8.506485262673523
5470,8.506485262673523
5471,8.506485262673523
5472,8.506485262673523
5473,8.506485262673523
5474,8.506485262673523
5475,8.506485262673523
5476,8.506485262673523
5477,8.506485262673523
5478,8.506485262673523
5479,8.506485262673523
5480,8.506485262673523
5481,8.506485262673523
5482,8.506485262673523
5483,8.506485262673523
5484,8.506485262673523
5485,8.506485262673523
5486,8.506485262673523
5487,8.506485262673523
5488,8.506485262673523
5489,8.506485262673523
5490,8.506485262673523
5491,8.506485262673523
5492,8.506485262673523
5493,8.506485262673523
5494,8.506485262673523
5495,8.506485262673523
5496,8.506485262673523
5497,8.506485262673523
5498,8.506485262673523
5499,8.506485262673523
5500,8.506485262673523
5501,8.506485262673523
5502,8.506485262673523
5503,8.506485262673523
5504,8.506485262673523
5505,8.506485262673523
5506,8.506485262673523
5507,8.506485262673523
5508,8.506485262673523
5509,8.506485262673523
5510,8.506485262673523
5511,8.506485262673523
5512,8.506485262673523
5513,8.506485262673523
5514,8.506485262673523
5515,8.506485262673523
5516,8.506485262673523
5517,8.506485262673523
5518,8.506485262673523
5519,8.506485262673523
5520,8.506485262673523
5521,8.506485262673523
5522,8.506485262673523
5523,8.506485262673523
5524,8.506485262673523
5525,8.506485262673523
5526,8.506485262673523
5527,8.506485262673523
5528,8.506485262673523
5529,8.506485262673523
5530,8.506485262673523
5531,8.506485262673523
5532,8.506485262673523
5533,8.506485262673523
5534,8.506485262673523
5535,8.506485262673523
5536,8.506485262673523
5537,8.506485262673523
5538,8.506485262673523
5539,8.506485262673523
5540,8.506485262673523
5541,8.506485262673523
5542,8.506485262673523
5543,8.506485262673523
5544,8.506485262673523
5545,8.506485262673523
5546,8.506485262673523
5547,8.506485262673523
5548,8.506485262673523
5549,8.506485262673523
5550,8.506485262673523
5551,8.506485262673523
5552,8.506485262673523
5553,8.506485262673523
5554,8.506485262673523
5555,8.506485262673523
5556,8.506485262673523
5557,8.506485262673523
5558,8.506485262673523
5559,8.506485262673523
5560,8.506485262673523
5561,8.506485262673523
5562,8.506485262673523
5563,8.506485262673523
5564,8.506485262673523
5565,8.506485262673523
5566,8.506485262673523
5567,8.506485262673523
5568,8.506485262673523
5569,8.506485262673523
5570,8.506485262673523
5571,8.506485262673523
5572,8.506485262673523
5573,8.506485262673523
5574,8.506485262673523
5575,8.506485262673523
5576,8.506485262673523
5577,8.506485262673523
5578,8.506485262673523
5579,8.506485262673523
5580,8.506485262673523
5581,8.506485262673523
5582,8.506485262673523
5583,8.506485262673523
5584,8.506485262673523
5585,8.506485262673523
5586,8.506485262673523
5587,8.506485262673523
5588,8.506485262673523
5589,8.506485262673523
5590,8.506485262673523
5591,8.506485262673523
5592,8.506485262673523
5593,8.506485262673523
5594,8.506485262673523
5595,8.506485262673523
5596,8.506485262673523
5597,8.506485262673523
5598,8.506485262673523
5599,8.506485262673523
5600,8.506485262673523
5601,8.506485262673523
5602,8.506485262673523
5603,8.506485262673523
5604,8.506485262673523
5605,8.506485262673523
5606,8.506485262673523
5607,8.506485262673523
5608,8.506485262673523
5609,8.506485262673523
5610,8.506485262673523
5611,8.506485262673523
5612,8.506485262673523
5613,8.506485262673523
5614,8.506485262673523
5615,8.506485262673523
5616,8.506485262673523
5617,8.506485262673523
5618,8.506485262673523
5619,8.506485262673523
5620,8.506485262673523
5621,8.506485262673523
5622,8.506485262673523
5623,8.506485262673523
5624,8.506485262673523
5625,8.506485262673523
5626,8.506485262673523
5627,8.506485262673523
5628,8.506485262673523
5629,8.506485262673523
5630,8.506485262673523
5631,8.506485262673523
5632,8.506485262673523
5633,8.506485262673523
5634,8.506485262673523
5635,8.506485262673523
5636,8.506485262673523
5637,8.506485262673523
5638,8.506485262673523
5639,8.506485262673523
5640,8.506485262673523
5641,8.506485262673523
5642,8.506485262673523
5643,8.506485262673523
5644,8.506485262673523
5645,8.506485262673523
5646,8.506485262673523
5647,8.506485262673523
5648,8.506485262673523
5649,8.506485262673523
5650,8.506485262673523
5651,8.506485262673523
5652,8.506485262673523
5653,8.506485262673523
5654,8.506485262673523
5655,8.506485262673523
5656,8.506485262673523
5657,8.506485262673523
5658,8.506485262673523
5659,8.506485262673523
5660,8.506485262673523
5661,8.506485262673523
5662,8.506485262673523
5663,8.506485262673523
5664,8.506485262673523
5665,8.506485262673523
5666,8.506485262673523
5667,8.506485262673523
5668,8.506485262673523
5669,8.506485262673523
5670,8.506485262673523
5671,8.506485262673523
5672,8.506485262673523
5673,8.506485262673523
5674,8.506485262673523
5675,8.506485262673523
5676,8.506485262673523
5677,8.506485262673523
5678,8.506485262673523
5679,8.506485262673523
5680,8.506485262673523
5681,8.506485262673523
5682,8.506485262673523
5683,8.506485262673523
5684,8.506485262673523
5685,8.506485262673523
5686,8.506485262673523
5687,8.506485262673523
5688,8.506485262673523
5689,8.506485262673523
5690,8.506485262673523
5691,8.506485262673523
5692,8.506485262673523
5693,8.506485262673523
5694,8.506485262673523
5695,8.506485262673523
5696,8.506485262673523
5697,8.506485262673523
5698,8.506485262673523
5699,8.506485262673523
5700,8.506485262673523
5701,8.506485262673523
5702,8.506485262673523
5703,8.506485262673523
5704,8.506485262673523
5705,8.506485262673523
5706,8.506485262673523
5707,8.506485262673523
5708,8.506485262673523
5709,8.506485262673523
5710,8.506485262673523
5711,8.506485262673523
5712,8.506485262673523
5713,8.506485262673523
5714,8.506485262673523
5715,8.506485262673523
5716,8.506485262673523
5717,8.506485262673523
5718,8.506485262673523
5719,8.506485262673523
5720,8.506485262673523
5721,8.506485262673523
5722,8.506485262673523
5723,8.506485262673523
5724,8.506485262673523
5725,8.506485262673523
5726,8.506485262673523
5727,8.506485262673523
5728,8.506485262673523
5729,8.506485262673523
5730,8.506485262673523
5731,8.506485262673523
5732,8.506485262673523
5733,8.506485262673523
5734,8.506485262673523
5735,8.506485262673523
5736,8.506485262673523
5737,8.506485262673523
5738,8.506485262673523
5739,8.506485262673523
5740,8.506485262673523
5741,8.506485262673523
5742,8.506485262673523
5743,8.506485262673523
5744,8.506485262673523
5745,8.506485262673523
5746,8.506485262673523
5747,8.506485262673523
5748,8.506485262673523
5749,8.506485262673523
5750,8.506485262673523
5751,8.506485262673523
5752,8.506485262673523
5753,8.506485262673523
5754,8.506485262673523
5755,8.506485262673523
5756,8.506485262673523
5757,8.506485262673523
5758,8.506485262673523
5759,8.506485262673523
5760,8.506485262673523
5761,8.506485262673523
5762,8.506485262673523
5763,8.506485262673523
5764,8.506485262673523
5765,8.506485262673523
5766,8.506485262673523
5767,8.506485262673523
5768,8.506485262673523
5769,8.506485262673523
5770,8.506485262673523
5771,8.506485262673523
5772,8.506485262673523
5773,8.506485262673523
5774,8.506485262673523
5775,8.506485262673523
5776,8.506485262673523
5777,8.506485262673523
5778,8.506485262673523
5779,8.506485262673523
5780,8.506485262673523
5781,8.506485262673523
5782,8.506485262673523
5783,8.506485262673523
5784,8.506485262673523
5785,8.506485262673523
5786,8.506485262673523
5787,8.506485262673523
5788,8.506485262673523
5789,8.506485262673523
5790,8.506485262673523
5791,8.506485262673523
5792,8.506485262673523
5793,8.506485262673523
5794,8.506485262673523
5795,8.506485262673523
5796,8.506485262673523
5797,8.506485262673523
5798,8.506485262673523
5799,8.506485262673523
5800,8.506485262673523
5801,8.506485262673523
5802,8.506485262673523
5803,8.506485262673523
5804,8.506485262673523
5805,8.506485262673523
5806,8.506485262673523
5807,8.506485262673523
5808,8.506485262673523
5809,8.506485262673523
5810,8.506485262673523
5811,8.506485262673523
5812,8.506485262673523
5813,8.506485262673523
5814,8.506485262673523
5815,8.506485262673523
5816,8.506485262673523
5817,8.506485262673523
5818,8.506485262673523
5819,8.506485262673523
5820,8.506485262673523
5821,8.506485262673523
5822,8.506485262673523
5823,8.506485262673523
5824,8.506485262673523
5825,8.506485262673523
5826,8.506485262673523
5827,8.506485262673523
5828,8.506485262673523
5829,8.506485262673523
5830,8.506485262673523
5831,8.506485262673523
5832,8.506485262673523
5833,8.506485262673523
5834,8.506485262673523
5835,8.506485262673523
5836,8.506485262673523
5837,8.506485262673523
5838,8.506485262673523
5839,8.506485262673523
5840,8.506485262673523
5841,8.506485262673523
5842,8.506485262673523
5843,8.506485262673523
5844,8.506485262673523
5845,8.506485262673523
5846,8.506485262673523
5847,8.506485262673523
5848,8.506485262673523
5849,8.506485262673523
5850,8.506485262673523
5851,8.506485262673523
5852,8.506485262673523
5853,8.506485262673523
5854,8.506485262673523
5855,8.506485262673523
5856,8.506485262673523
5857,8.506485262673523
5858,8.506485262673523
5859,8.506485262673523
5860,8.506485262673523
5861,8.506485262673523
5862,8.506485262673523
5863,8.506485262673523
5864,8.506485262673523
5865,8.506485262673523
5866,8.506485262673523
5867,8.506485262673523
5868,8.506485262673523
5869,8.506485262673523
5870,8.506485262673523
5871,8.506485262673523
5872,8.506485262673523
5873,8.506485262673523
5874,8.506485262673523
5875,8.506485262673523
5876,8.506485262673523
5877,8.506485262673523
5878,8.506485262673523
5879,8.506485262673523
5880,8.506485262673523
5881,8.506485262673523
5882,8.506485262673523
5883,8.506485262673523
5884,8.506485262673523
5885,8.506485262673523
5886,8.506485262673523
5887,8.506485262673523
5888,8.506485262673523
5889,8.506485262673523
5890,8.506485262673523
5891,8.506485262673523
5892,8.506485262673523
5893,8.506485262673523
5894,8.506485262673523
5895,8.506485262673523
5896,8.506485262673523
5897,8.506485262673523
5898,8.506485262673523
5899,8.506485262673523
5900,8.506485262673523
5901,8.506485262673523
5902,8.506485262673523
5903,8.506485262673523
5904,8.506485262673523
5905,8.506485262673523
5906,8.506485262673523
5907,8.506485262673523
5908,8.506485262673523
5909,8.506485262673523
5910,8.506485262673523
5911,8.506485262673523
5912,8.506485262673523
5913,8.506485262673523
5914,8.506485262673523
5915,8.506485262673523
5916,8.506485262673523
5917,8.506485262673523
5918,8.506485262673523
5919,8.506485262673523
5920,8.506485262673523
5921,8.506485262673523
5922,8.506485262673523
5923,8.506485262673523
5924,8.506485262673523
5925,8.506485262673523
5926,8.506485262673523
5927,8.506485262673523
5928,8.506485262673523
5929,8.506485262673523
5930,8.506485262673523
5931,8.506485262673523
5932,8.506485262673523
5933,8.506485262673523
5934,8.506485262673523
5935,8.506485262673523
5936,8.506485262673523
5937,8.506485262673523
5938,8.506485262673523
5939,8.506485262673523
5940,8.506485262673523
5941,8.506485262673523
5942,8.506485262673523
5943,8.506485262673523
5944,8.506485262673523
5945,8.506485262673523
5946,8.506485262673523
5947,8.506485262673523
5948,8.506485262673523
5949,8.506485262673523
5950,8.506485262673523
5951,8.506485262673523
5952,8.506485262673523
5953,8.506485262673523
5954,8.506485262673523
5955,8.506485262673523
5956,8.506485262673523
5957,8.506485262673523
5958,8.506485262673523
5959,8.506485262673523
5960,8.506485262673523
5961,8.506485262673523
5962,8.506485262673523
5963,8.506485262673523
5964,8.506485262673523
5965,8.506485262673523
5966,8.506485262673523
5967,8.506485262673523
5968,8.506485262673523
5969,8.506485262673523
5970,8.506485262673523
5971,8.506485262673523
5972,8.506485262673523
5973,8.506485262673523
5974,8.506485262673523
5975,8.506485262673523
5976,8.506485262673523
5977,8.506485262673523
5978,8.506485262673523
5979,8.506485262673523
5980,8.506485262673523
5981,8.506485262673523
5982,8.506485262673523
5983,8.506485262673523
5984,8.506485262673523
5985,8.506485262673523
5986,8.506485262673523
5987,8.506485262673523
5988,8.506485262673523
5989,8.506485262673523
5990,8.506485262673523
5991,8.506485262673523
5992,8.506485262673523
5993,8.506485262673523
5994,8.506485262673523
5995,8.506485262673523
5996,8.506485262673523
5997,8.506485262673523
5998,8.506485262673523
5999,8.506485262673523
6000,8.506485262673523
6001,8.506485262673523
6002,8.506485262673523
6003,8.506485262673523
6004,8.506485262673523
6005,8.506485262673523
6006,8.506485262673523
6007,8.506485262673523
6008,8.506485262673523
6009,8.506485262673523
6010,8.506485262673523
6011,8.506485262673523
6012,8.506485262673523
6013,8.506485262673523
6014,8.506485262673523
6015,8.506485262673523
6016,8.506485262673523
6017,8.506485262673523
6018,8.506485262673523
6019,8.506485262673523
6020,8.506485262673523
6021,8.506485262673523
6022,8.506485262673523
6023,8.506485262673523
6024,8.506485262673523
6025,8.506485262673523
6026,8.506485262673523
6027,8.506485262673523
6028,8.506485262673523
6029,8.506485262673523
6030,8.506485262673523
6031,8.506485262673523
6032,8.506485262673523
6033,8.506485262673523
6034,8.506485262673523
6035,8.506485262673523
6036,8.506485262673523
6037,8.506485262673523
6038,8.506485262673523
6039,8.506485262673523
6040,8.506485262673523
6041,8.506485262673523
6042,8.506485262673523
6043,8.506485262673523
6044,8.506485262673523
6045,8.506485262673523
6046,8.506485262673523
6047,8.506485262673523
6048,8.506485262673523
6049,8.506485262673523
6050,8.506485262673523
6051,8.506485262673523
6052,8.506485262673523
6053,8.506485262673523
6054,8.506485262673523
6055,8.506485262673523
6056,8.506485262673523
6057,8.506485262673523
6058,8.506485262673523
6059,8.506485262673523
6060,8.506485262673523
6061,8.506485262673523
6062,8.506485262673523
6063,8.506485262673523
6064,8.506485262673523
6065,8.506485262673523
6066,8.506485262673523
6067,8.506485262673523
6068,8.506485262673523
6069,8.506485262673523
6070,8.506485262673523
6071,8.506485262673523
6072,8.506485262673523
6073,8.506485262673523
6074,8.506485262673523
6075,8.506485262673523
6076,8.506485262673523
6077,8.506485262673523
6078,8.506485262673523
6079,8.506485262673523
6080,8.506485262673523
6081,8.506485262673523
6082,8.506485262673523
6083,8.506485262673523
6084,8.506485262673523
6085,8.506485262673523
6086,8.506485262673523
6087,8.506485262673523
6088,8.506485262673523
6089,8.506485262673523
6090,8.506485262673523
6091,8.506485262673523
6092,8.506485262673523
6093,8.506485262673523
6094,8.506485262673523
6095,8.506485262673523
6096,8.506485262673523
6097,8.506485262673523
6098,8.506485262673523
6099,8.506485262673523
6100,8.506485262673523
6101,8.506485262673523
6102,8.506485262673523
6103,8.506485262673523
6104,8.506485262673523
6105,8.506485262673523
6106,8.506485262673523
6107,8.506485262673523
6108,8.506485262673523
6109,8.506485262673523
6110,8.506485262673523
6111,8.506485262673523
6112,8.506485262673523
6113,8.506485262673523
6114,8.506485262673523
6115,8.506485262673523
6116,8.506485262673523
6117,8.506485262673523
6118,8.506485262673523
6119,8.506485262673523
6120,8.506485262673523
6121,8.506485262673523
6122,8.506485262673523
6123,8.506485262673523
6124,8.506485262673523
6125,8.506485262673523
6126,8.506485262673523
6127,8.506485262673523
6128,8.506485262673523
6129,8.506485262673523
6130,8.506485262673523
6131,8.506485262673523
6132,8.506485262673523
6133,8.506485262673523
6134,8.506485262673523
6135,8.506485262673523
6136,8.506485262673523
6137,8.506485262673523
6138,8.506485262673523
6139,8.506485262673523
6140,8.506485262673523
6141,8.506485262673523
6142,8.506485262673523
6143,8.506485262673523
6144,8.506485262673523
6145,8.506485262673523
6146,8.506485262673523
6147,8.506485262673523
6148,8.506485262673523
6149,8.506485262673523
6150,8.506485262673523
6151,8.506485262673523
6152,8.506485262673523
6153,8.506485262673523
6154,8.506485262673523
6155,8.506485262673523
6156,8.506485262673523
6157,8.506485262673523
6158,8.506485262673523
6159,8.506485262673523
6160,8.506485262673523
6161,8.506485262673523
6162,8.506485262673523
6163,8.506485262673523
6164,8.506485262673523
6165,8.506485262673523
6166,8.506485262673523
6167,8.506485262673523
6168,8.506485262673523
6169,8.506485262673523
6170,8.506485262673523
6171,8.506485262673523
6172,8.506485262673523
6173,8.506485262673523
6174,8.506485262673523
6175,8.506485262673523
6176,8.506485262673523
6177,8.506485262673523
6178,8.506485262673523
6179,8.506485262673523
6180,8.506485262673523
6181,8.506485262673523
6182,8.506485262673523
6183,8.506485262673523
6184,8.506485262673523
6185,8.506485262673523
6186,8.506485262673523
6187,8.506485262673523
6188,8.506485262673523
6189,8.506485262673523
6190,8.506485262673523
6191,8.506485262673523
6192,8.506485262673523
6193,8.506485262673523
6194,8.506485262673523
6195,8.506485262673523
6196,8.506485262673523
6197,8.506485262673523
6198,8.506485262673523
6199,8.506485262673523
6200,8.506485262673523
6201,8.506485262673523
6202,8.506485262673523
6203,8.506485262673523
6204,8.506485262673523
6205,8.506485262673523
6206,8.506485262673523
6207,8.506485262673523
6208,8.506485262673523
6209,8.506485262673523
6210,8.506485262673523
6211,8.506485262673523
6212,8.506485262673523
6213,8.506485262673523
6214,8.506485262673523
6215,8.506485262673523
6216,8.506485262673523
6217,8.506485262673523
6218,8.506485262673523
6219,8.506485262673523
6220,8.506485262673523
6221,8.506485262673523
6222,8.506485262673523
6223,8.506485262673523
6224,8.506485262673523
6225,8.506485262673523
6226,8.506485262673523
6227,8.506485262673523
6228,8.506485262673523
6229,8.506485262673523
6230,8.506485262673523
6231,8.506485262673523
6232,8.506485262673523
6233,8.506485262673523
6234,8.506485262673523
6235,8.506485262673523
6236,8.506485262673523
6237,8.506485262673523
6238,8.506485262673523
6239,8.506485262673523
6240,8.506485262673523
6241,8.506485262673523
6242,8.506485262673523
6243,8.506485262673523
6244,8.506485262673523
6245,8.506485262673523
6246,8.506485262673523
6247,8.506485262673523
6248,8.506485262673523
6249,8.506485262673523
6250,8.506485262673523
6251,8.506485262673523
6252,8.506485262673523
6253,8.506485262673523
6254,8.506485262673523
6255,8.506485262673523
6256,8.506485262673523
6257,8.506485262673523
6258,8.506485262673523
6259,8.506485262673523
6260,8.506485262673523
6261,8.506485262673523
6262,8.506485262673523
6263,8.506485262673523
6264,8.506485262673523
6265,8.506485262673523
6266,8.506485262673523
6267,8.506485262673523
6268,8.506485262673523
6269,8.506485262673523
6270,8.506485262673523
6271,8.506485262673523
6272,8.506485262673523
6273,8.506485262673523
6274,8.506485262673523
6275,8.506485262673523
6276,8.506485262673523
6277,8.506485262673523
6278,8.506485262673523
6279,8.506485262673523
6280,8.506485262673523
6281,8.506485262673523
6282,8.506485262673523
6283,8.506485262673523
6284,8.506485262673523
6285,8.506485262673523
6286,8.506485262673523
6287,8.506485262673523
6288,8.506485262673523
6289,8.506485262673523
6290,8.506485262673523
6291,8.506485262673523
6292,8.506485262673523
6293,8.506485262673523
6294,8.506485262673523
6295,8.506485262673523
6296,8.506485262673523
6297,8.506485262673523
6298,8.506485262673523
6299,8.506485262673523
6300,8.506485262673523
6301,8.506485262673523
6302,8.506485262673523
6303,8.506485262673523
6304,8.506485262673523
6305,8.506485262673523
6306,8.506485262673523
6307,8.506485262673523
6308,8.506485262673523
6309,8.506485262673523
6310,8.506485262673523
6311,8.506485262673523
6312,8.506485262673523
6313,8.506485262673523
6314,8.506485262673523
6315,8.506485262673523
6316,8.506485262673523
6317,8.506485262673523
6318,8.506485262673523
6319,8.506485262673523
6320,8.506485262673523
6321,8.506485262673523
6322,8.506485262673523
6323,8.506485262673523
6324,8.506485262673523
6325,8.506485262673523
6326,8.506485262673523
6327,8.506485262673523
6328,8.506485262673523
6329,8.506485262673523
6330,8.506485262673523
6331,8.506485262673523
6332,8.506485262673523
6333,8.506485262673523
6334,8.506485262673523
6335,8.506485262673523
6336,8.506485262673523
6337,8.506485262673523
6338,8.506485262673523
6339,8.506485262673523
6340,8.506485262673523
6341,8.506485262673523
6342,8.506485262673523
6343,8.506485262673523
6344,8.506485262673523
6345,8.506485262673523
6346,8.506485262673523
6347,8.506485262673523
6348,8.506485262673523
6349,8.506485262673523
6350,8.506485262673523
6351,8.506485262673523
6352,8.506485262673523
6353,8.506485262673523
6354,8.506485262673523
6355,8.506485262673523
6356,8.506485262673523
6357,8.506485262673523
6358,8.506485262673523
6359,8.506485262673523
6360,8.506485262673523
6361,8.506485262673523
6362,8.506485262673523
6363,8.506485262673523
6364,8.506485262673523
6365,8.506485262673523
6366,8.506485262673523
6367,8.506485262673523
6368,8.506485262673523
6369,8.506485262673523
6370,8.506485262673523
6371,8.506485262673523
6372,8.506485262673523
6373,8.506485262673523
6374,8.506485262673523
6375,8.506485262673523
6376,8.506485262673523
6377,8.506485262673523
6378,8.506485262673523
6379,8.506485262673523
6380,8.506485262673523
6381,8.506485262673523
6382,8.506485262673523
6383,8.506485262673523
6384,8.506485262673523
6385,8.506485262673523
6386,8.506485262673523
6387,8.506485262673523
6388,8.506485262673523
6389,8.506485262673523
6390,8.506485262673523
6391,8.506485262673523
6392,8.506485262673523
6393,8.506485262673523
6394,8.506485262673523
6395,8.506485262673523
6396,8.506485262673523
6397,8.506485262673523
6398,8.506485262673523
6399,8.506485262673523
6400,8.506485262673523
6401,8.506485262673523
6402,8.506485262673523
6403,8.506485262673523
6404,8.506485262673523
6405,8.506485262673523
6406,8.506485262673523
6407,8.506485262673523
6408,8.506485262673523
6409,8.506485262673523
6410,8.506485262673523
6411,8.506485262673523
6412,8.506485262673523
6413,8.506485262673523
6414,8.506485262673523
6415,8.506485262673523
6416,8.506485262673523
6417,8.506485262673523
6418,8.506485262673523
6419,8.506485262673523
6420,8.506485262673523
6421,8.506485262673523
6422,8.506485262673523
6423,8.506485262673523
6424,8.506485262673523
6425,8.506485262673523
6426,8.506485262673523
6427,8.506485262673523
6428,8.506485262673523
6429,8.506485262673523
6430,8.506485262673523
6431,8.506485262673523
6432,8.506485262673523
6433,8.506485262673523
6434,8.506485262673523
6435,8.506485262673523
6436,8.506485262673523
6437,8.506485262673523
6438,8.506485262673523
6439,8.506485262673523
6440,8.506485262673523
6441,8.506485262673523
6442,8.506485262673523
6443,8.506485262673523
6444,8.506485262673523
6445,8.506485262673523
6446,8.506485262673523
6447,8.506485262673523
6448,8.506485262673523
6449,8.506485262673523
6450,8.506485262673523
6451,8.506485262673523
6452,8.506485262673523
6453,8.506485262673523
6454,8.506485262673523
6455,8.506485262673523
6456,8.506485262673523
6457,8.506485262673523
6458,8.506485262673523
6459,8.506485262673523
6460,8.506485262673523
6461,8.506485262673523
6462,8.506485262673523
6463,8.506485262673523
6464,8.506485262673523
6465,8.506485262673523
6466,8.506485262673523
6467,8.506485262673523
6468,8.506485262673523
6469,8.506485262673523
6470,8.506485262673523
6471,8.506485262673523
6472,8.506485262673523
6473,8.506485262673523
6474,8.506485262673523
6475,8.506485262673523
6476,8.506485262673523
6477,8.506485262673523
6478,8.506485262673523
6479,8.506485262673523
6480,8.506485262673523
6481,8.506485262673523
6482,8.506485262673523
6483,8.506485262673523
6484,8.506485262673523
6485,8.506485262673523
6486,8.506485262673523
6487,8.506485262673523
6488,8.506485262673523
6489,8.506485262673523
6490,8.506485262673523
6491,8.506485262673523
6492,8.506485262673523
6493,8.506485262673523
6494,8.506485262673523
6495,8.506485262673523
6496,8.506485262673523
6497,8.506485262673523
6498,8.506485262673523
6499,8.506485262673523
6500,8.506485262673523
6501,8.506485262673523
6502,8.506485262673523
6503,8.506485262673523
6504,8.506485262673523
6505,8.506485262673523
6506,8.506485262673523
6507,8.506485262673523
6508,8.506485262673523
6509,8.506485262673523
6510,8.506485262673523
6511,8.506485262673523
6512,8.506485262673523
6513,8.506485262673523
6514,8.506485262673523
6515,8.506485262673523
6516,8.506485262673523
6517,8.506485262673523
6518,8.506485262673523
6519,8.506485262673523
6520,8.506485262673523
6521,8.506485262673523
6522,8.506485262673523
6523,8.506485262673523
6524,8.506485262673523
6525,8.506485262673523
6526,8.506485262673523
6527,8.506485262673523
6528,8.506485262673523
6529,8.506485262673523
6530,8.506485262673523
6531,8.506485262673523
6532,8.506485262673523
6533,8.506485262673523
6534,8.506485262673523
6535,8.506485262673523
6536,8.506485262673523
6537,8.506485262673523
6538,8.506485262673523
6539,8.506485262673523
6540,8.506485262673523
6541,8.506485262673523
6542,8.506485262673523
6543,8.506485262673523
6544,8.506485262673523
6545,8.506485262673523
6546,8.506485262673523
6547,8.506485262673523
6548,8.506485262673523
6549,8.506485262673523
6550,8.506485262673523
6551,8.506485262673523
6552,8.506485262673523
6553,8.506485262673523
6554,8.506485262673523
6555,8.506485262673523
6556,8.506485262673523
6557,8.506485262673523
6558,8.506485262673523
6559,8.506485262673523
6560,8.506485262673523
6561,8.506485262673523
6562,8.506485262673523
6563,8.506485262673523
6564,8.506485262673523
6565,8.506485262673523
6566,8.506485262673523
6567,8.506485262673523
6568,8.506485262673523
6569,8.506485262673523
6570,8.506485262673523
6571,8.506485262673523
6572,8.506485262673523
6573,8.506485262673523
6574,8.506485262673523
6575,8.506485262673523
6576,8.506485262673523
6577,8.506485262673523
6578,8.506485262673523
6579,8.506485262673523
6580,8.506485262673523
6581,8.506485262673523
6582,8.506485262673523
6583,8.506485262673523
6584,8.506485262673523
6585,8.506485262673523
6586,8.506485262673523
6587,8.506485262673523
6588,8.506485262673523
6589,8.506485262673523
6590,8.506485262673523
6591,8.506485262673523
6592,8.506485262673523
6593,8.506485262673523
6594,8.506485262673523
6595,8.506485262673523
6596,8.506485262673523
6597,8.506485262673523
6598,8.506485262673523
6599,8.506485262673523
6600,8.506485262673523
6601,8.506485262673523
6602,8.506485262673523
6603,8.506485262673523
6604,8.506485262673523
6605,8.506485262673523
6606,8.506485262673523
6607,8.506485262673523
6608,8.506485262673523
6609,8.506485262673523
6610,8.506485262673523
6611,8.506485262673523
6612,8.506485262673523
6613,8.506485262673523
6614,8.506485262673523
6615,8.506485262673523
6616,8.506485262673523
6617,8.506485262673523
6618,8.506485262673523
6619,8.506485262673523
6620,8.506485262673523
6621,8.506485262673523
6622,8.506485262673523
6623,8.506485262673523
6624,8.506485262673523
6625,8.506485262673523
6626,8.506485262673523
6627,8.506485262673523
6628,8.506485262673523
6629,8.506485262673523
6630,8.506485262673523
6631,8.506485262673523
6632,8.506485262673523
6633,8.506485262673523
6634,8.506485262673523
6635,8.506485262673523
6636,8.506485262673523
6637,8.506485262673523
6638,8.506485262673523
6639,8.506485262673523
6640,8.506485262673523
6641,8.506485262673523
6642,8.506485262673523
6643,8.506485262673523
6644,8.506485262673523
6645,8.506485262673523
6646,8.506485262673523
6647,8.506485262673523
6648,8.506485262673523
6649,8.506485262673523
6650,8.506485262673523
6651,8.506485262673523
6652,8.506485262673523
6653,8.506485262673523
6654,8.506485262673523
6655,8.506485262673523
6656,8.506485262673523
6657,8.506485262673523
6658,8.506485262673523
6659,8.506485262673523
6660,8.506485262673523
6661,8.506485262673523
6662,8.506485262673523
6663,8.506485262673523
6664,8.506485262673523
6665,8.506485262673523
6666,8.506485262673523
6667,8.506485262673523
6668,8.506485262673523
6669,8.506485262673523
6670,8.506485262673523
6671,8.506485262673523
6672,8.506485262673523
6673,8.506485262673523
6674,8.506485262673523
6675,8.506485262673523
6676,8.506485262673523
6677,8.506485262673523
6678,8.506485262673523
6679,8.506485262673523
6680,8.506485262673523
6681,8.506485262673523
6682,8.506485262673523
6683,8.506485262673523
6684,8.506485262673523
6685,8.506485262673523
6686,8.506485262673523
6687,8.506485262673523
6688,8.506485262673523
6689,8.506485262673523
6690,8.506485262673523
6691,8.506485262673523
6692,8.506485262673523
6693,8.506485262673523
6694,8.506485262673523
6695,8.506485262673523
6696,8.506485262673523
6697,8.506485262673523
6698,8.506485262673523
6699,8.506485262673523
6700,8.506485262673523
6701,8.506485262673523
6702,8.506485262673523
6703,8.506485262673523
6704,8.506485262673523
6705,8.506485262673523
6706,8.506485262673523
6707,8.506485262673523
6708,8.506485262673523
6709,8.506485262673523
6710,8.506485262673523
6711,8.506485262673523
6712,8.506485262673523
6713,8.506485262673523
6714,8.506485262673523
6715,8.506485262673523
6716,8.506485262673523
6717,8.506485262673523
6718,8.506485262673523
6719,8.506485262673523
6720,8.506485262673523
6721,8.506485262673523
6722,8.506485262673523
6723,8.506485262673523
6724,8.506485262673523
6725,8.506485262673523
6726,8.506485262673523
6727,8.506485262673523
6728,8.506485262673523
6729,8.506485262673523
6730,8.506485262673523
6731,8.506485262673523
6732,8.506485262673523
6733,8.506485262673523
6734,8.506485262673523
6735,8.506485262673523
6736,8.506485262673523
6737,8.506485262673523
6738,8.506485262673523
6739,8.506485262673523
6740,8.506485262673523
6741,8.506485262673523
6742,8.506485262673523
6743,8.506485262673523
6744,8.506485262673523
6745,8.506485262673523
6746,8.506485262673523
6747,8.506485262673523
6748,8.506485262673523
6749,8.506485262673523
6750,8.506485262673523
6751,8.506485262673523
6752,8.506485262673523
6753,8.506485262673523
6754,8.506485262673523
6755,8.506485262673523
6756,8.506485262673523
6757,8.506485262673523
6758,8.506485262673523
6759,8.506485262673523
6760,8.506485262673523
6761,8.506485262673523
6762,8.506485262673523
6763,8.506485262673523
6764,8.506485262673523
6765,8.506485262673523
6766,8.506485262673523
6767,8.506485262673523
6768,8.506485262673523
6769,8.506485262673523
6770,8.506485262673523
6771,8.506485262673523
6772,8.506485262673523
6773,8.506485262673523
6774,8.506485262673523
6775,8.506485262673523
6776,8.506485262673523
6777,8.506485262673523
6778,8.506485262673523
6779,8.506485262673523
6780,8.506485262673523
6781,8.506485262673523
6782,8.506485262673523
6783,8.506485262673523
6784,8.506485262673523
6785,8.506485262673523
6786,8.506485262673523
6787,8.506485262673523
6788,8.506485262673523
6789,8.506485262673523
6790,8.506485262673523
6791,8.506485262673523
6792,8.506485262673523
6793,8.506485262673523
6794,8.506485262673523
6795,8.506485262673523
6796,8.506485262673523
6797,8.506485262673523
6798,8.506485262673523
6799,8.506485262673523
6800,8.506485262673523
6801,8.506485262673523
6802,8.506485262673523
6803,8.506485262673523
6804,8.506485262673523
6805,8.506485262673523
6806,8.506485262673523
6807,8.506485262673523
6808,8.506485262673523
6809,8.506485262673523
6810,8.506485262673523
6811,8.506485262673523
6812,8.506485262673523
6813,8.506485262673523
6814,8.506485262673523
6815,8.506485262673523
6816,8.506485262673523
6817,8.506485262673523
6818,8.506485262673523
6819,8.506485262673523
6820,8.506485262673523
6821,8.506485262673523
6822,8.506485262673523
6823,8.506485262673523
6824,8.506485262673523
6825,8.506485262673523
6826,8.506485262673523
6827,8.506485262673523
6828,8.506485262673523
6829,8.506485262673523
6830,8.506485262673523
6831,8.506485262673523
6832,8.506485262673523
6833,8.506485262673523
6834,8.506485262673523
6835,8.506485262673523
6836,8.506485262673523
6837,8.506485262673523
6838,8.506485262673523
6839,8.506485262673523
6840,8.506485262673523
6841,8.506485262673523
6842,8.506485262673523
6843,8.506485262673523
6844,8.506485262673523
6845,8.506485262673523
6846,8.506485262673523
6847,8.506485262673523
6848,8.506485262673523
6849,8.506485262673523
6850,8.506485262673523
6851,8.506485262673523
6852,8.506485262673523
6853,8.506485262673523
6854,8.506485262673523
6855,8.506485262673523
6856,8.506485262673523
6857,8.506485262673523
6858,8.506485262673523
6859,8.506485262673523
6860,8.506485262673523
6861,8.506485262673523
6862,8.506485262673523
6863,8.506485262673523
6864,8.506485262673523
6865,8.506485262673523
6866,8.506485262673523
6867,8.506485262673523
6868,8.506485262673523
6869,8.506485262673523
6870,8.506485262673523
6871,8.506485262673523
6872,8.506485262673523
6873,8.506485262673523
6874,8.506485262673523
6875,8.506485262673523
6876,8.506485262673523
6877,8.506485262673523
6878,8.506485262673523
6879,8.506485262673523
6880,8.506485262673523
6881,8.506485262673523
6882,8.506485262673523
6883,8.506485262673523
6884,8.506485262673523
6885,8.506485262673523
6886,8.506485262673523
6887,8.506485262673523
6888,8.506485262673523
6889,8.506485262673523
6890,8.506485262673523
6891,8.506485262673523
6892,8.506485262673523
6893,8.506485262673523
6894,8.506485262673523
6895,8.506485262673523
6896,8.506485262673523
6897,8.506485262673523
6898,8.506485262673523
6899,8.506485262673523
6900,8.506485262673523
6901,8.506485262673523
6902,8.506485262673523
6903,8.506485262673523
6904,8.506485262673523
6905,8.506485262673523
6906,8.506485262673523
6907,8.506485262673523
6908,8.506485262673523
6909,8.506485262673523
6910,8.506485262673523
6911,8.506485262673523
6912,8.506485262673523
6913,8.506485262673523
6914,8.506485262673523
6915,8.506485262673523
6916,8.506485262673523
6917,8.506485262673523
6918,8.506485262673523
6919,8.506485262673523
6920,8.506485262673523
6921,8.506485262673523
6922,8.506485262673523
6923,8.506485262673523
6924,8.506485262673523
6925,8.506485262673523
6926,8.506485262673523
6927,8.506485262673523
6928,8.506485262673523
6929,8.506485262673523
6930,8.506485262673523
6931,8.506485262673523
6932,8.506485262673523
6933,8.506485262673523
6934,8.506485262673523
6935,8.506485262673523
6936,8.506485262673523
6937,8.506485262673523
6938,8.506485262673523
6939,8.506485262673523
6940,8.506485262673523
6941,8.506485262673523
6942,8.506485262673523
6943,8.506485262673523
6944,8.506485262673523
6945,8.506485262673523
6946,8.506485262673523
6947,8.506485262673523
6948,8.506485262673523
6949,8.506485262673523
6950,8.506485262673523
6951,8.506485262673523
6952,8.506485262673523
6953,8.506485262673523
6954,8.506485262673523
6955,8.506485262673523
6956,8.506485262673523
6957,8.506485262673523
6958,8.506485262673523
6959,8.506485262673523
6960,8.506485262673523
6961,8.506485262673523
6962,8.506485262673523
6963,8.506485262673523
6964,8.506485262673523
6965,8.506485262673523
6966,8.506485262673523
6967,8.506485262673523
6968,8.506485262673523
6969,8.506485262673523
6970,8.506485262673523
6971,8.506485262673523
6972,8.506485262673523
6973,8.506485262673523
6974,8.506485262673523
6975,8.506485262673523
6976,8.506485262673523
6977,8.506485262673523
6978,8.506485262673523
6979,8.506485262673523
6980,8.506485262673523
6981,8.506485262673523
6982,8.506485262673523
6983,8.506485262673523
6984,8.506485262673523
6985,8.506485262673523
6986,8.506485262673523
6987,8.506485262673523
6988,8.506485262673523
6989,8.506485262673523
6990,8.506485262673523
6991,8.506485262673523
6992,8.506485262673523
6993,8.506485262673523
6994,8.506485262673523
6995,8.506485262673523
6996,8.506485262673523
6997,8.506485262673523
6998,8.506485262673523
6999,8.506485262673523
7000,8.506485262673523
7001,8.506485262673523
7002,8.506485262673523
7003,8.506485262673523
7004,8.506485262673523
7005,8.506485262673523
7006,8.506485262673523
7007,8.506485262673523
7008,8.506485262673523
7009,8.506485262673523
7010,8.506485262673523
7011,8.506485262673523
7012,8.506485262673523
7013,8.506485262673523
7014,8.506485262673523
7015,8.506485262673523
7016,8.506485262673523
7017,8.506485262673523
7018,8.506485262673523
7019,8.506485262673523
7020,8.506485262673523
7021,8.506485262673523
7022,8.506485262673523
7023,8.506485262673523
7024,8.506485262673523
7025,8.506485262673523
7026,8.506485262673523
7027,8.506485262673523
7028,8.506485262673523
7029,8.506485262673523
7030,8.506485262673523
7031,8.506485262673523
7032,8.506485262673523
7033,8.506485262673523
7034,8.506485262673523
7035,8.506485262673523
7036,8.506485262673523
7037,8.506485262673523
7038,8.506485262673523
7039,8.506485262673523
7040,8.506485262673523
7041,8.506485262673523
7042,8.506485262673523
7043,8.506485262673523
7044,8.506485262673523
7045,8.506485262673523
7046,8.506485262673523
7047,8.506485262673523
7048,8.506485262673523
7049,8.506485262673523
7050,8.506485262673523
7051,8.506485262673523
7052,8.506485262673523
7053,8.506485262673523
7054,8.506485262673523
7055,8.506485262673523
7056,8.506485262673523
7057,8.506485262673523
7058,8.506485262673523
7059,8.506485262673523
7060,8.506485262673523
7061,8.506485262673523
7062,8.506485262673523
7063,8.506485262673523
7064,8.506485262673523
7065,8.506485262673523
7066,8.506485262673523
7067,8.506485262673523
7068,8.506485262673523
7069,8.506485262673523
7070,8.506485262673523
7071,8.506485262673523
7072,8.506485262673523
7073,8.506485262673523
7074,8.506485262673523
7075,8.506485262673523
7076,8.506485262673523
7077,8.506485262673523
7078,8.506485262673523
7079,8.506485262673523
7080,8.506485262673523
7081,8.506485262673523
7082,8.506485262673523
7083,8.506485262673523
7084,8.506485262673523
7085,8.506485262673523
7086,8.506485262673523
7087,8.506485262673523
7088,8.506485262673523
7089,8.506485262673523
7090,8.506485262673523
7091,8.506485262673523
7092,8.506485262673523
7093,8.506485262673523
7094,8.506485262673523
7095,8.506485262673523
7096,8.506485262673523
7097,8.506485262673523
7098,8.506485262673523
7099,8.506485262673523
7100,8.506485262673523
7101,8.506485262673523
7102,8.506485262673523
7103,8.506485262673523
7104,8.506485262673523
7105,8.506485262673523
7106,8.506485262673523
7107,8.506485262673523
7108,8.506485262673523
7109,8.506485262673523
7110,8.506485262673523
7111,8.506485262673523
7112,8.506485262673523
7113,8.506485262673523
7114,8.506485262673523
7115,8.506485262673523
7116,8.506485262673523
7117,8.506485262673523
7118,8.506485262673523
7119,8.506485262673523
7120,8.506485262673523
7121,8.506485262673523
7122,8.506485262673523
7123,8.506485262673523
7124,8.506485262673523
7125,8.506485262673523
7126,8.506485262673523
7127,8.506485262673523
7128,8.506485262673523
7129,8.506485262673523
7130,8.506485262673523
7131,8.506485262673523
7132,8.506485262673523
7133,8.506485262673523
7134,8.506485262673523
7135,8.506485262673523
7136,8.506485262673523
7137,8.506485262673523
7138,8.506485262673523
7139,8.506485262673523
7140,8.506485262673523
7141,8.506485262673523
7142,8.506485262673523
7143,8.506485262673523
7144,8.506485262673523
7145,8.506485262673523
7146,8.506485262673523
7147,8.506485262673523
7148,8.506485262673523
7149,8.506485262673523
7150,8.506485262673523
7151,8.506485262673523
7152,8.506485262673523
7153,8.506485262673523
7154,8.506485262673523
7155,8.506485262673523
7156,8.506485262673523
7157,8.506485262673523
7158,8.506485262673523
7159,8.506485262673523
7160,8.506485262673523
7161,8.506485262673523
7162,8.506485262673523
7163,8.506485262673523
7164,8.506485262673523
7165,8.506485262673523
7166,8.506485262673523
7167,8.506485262673523
7168,8.506485262673523
7169,8.506485262673523
7170,8.506485262673523
7171,8.506485262673523
7172,8.506485262673523
7173,8.506485262673523
7174,8.506485262673523
7175,8.506485262673523
7176,8.506485262673523
7177,8.506485262673523
7178,8.506485262673523
7179,8.506485262673523
7180,8.506485262673523
7181,8.506485262673523
7182,8.506485262673523
7183,8.506485262673523
7184,8.506485262673523
7185,8.506485262673523
7186,8.506485262673523
7187,8.506485262673523
7188,8.506485262673523
7189,8.506485262673523
7190,8.506485262673523
7191,8.506485262673523
7192,8.506485262673523
7193,8.506485262673523
7194,8.506485262673523
7195,8.506485262673523
7196,8.506485262673523
7197,8.506485262673523
7198,8.506485262673523
7199,8.506485262673523
7200,8.506485262673523
7201,8.506485262673523
7202,8.506485262673523
7203,8.506485262673523
7204,8.506485262673523
7205,8.506485262673523
7206,8.506485262673523
7207,8.506485262673523
7208,8.506485262673523
7209,8.506485262673523
7210,8.506485262673523
7211,8.506485262673523
7212,8.506485262673523
7213,8.506485262673523
7214,8.506485262673523
7215,8.506485262673523
7216,8.506485262673523
7217,8.506485262673523
7218,8.506485262673523
7219,8.506485262673523
7220,8.506485262673523
7221,8.506485262673523
7222,8.506485262673523
7223,8.506485262673523
7224,8.506485262673523
7225,8.506485262673523
7226,8.506485262673523
7227,8.506485262673523
7228,8.506485262673523
7229,8.506485262673523
7230,8.506485262673523
7231,8.506485262673523
7232,8.506485262673523
7233,8.506485262673523
7234,8.506485262673523
7235,8.506485262673523
7236,8.506485262673523
7237,8.506485262673523
7238,8.506485262673523
7239,8.506485262673523
7240,8.506485262673523
7241,8.506485262673523
7242,8.506485262673523
7243,8.506485262673523
7244,8.506485262673523
7245,8.506485262673523
7246,8.506485262673523
7247,8.506485262673523
7248,8.506485262673523
7249,8.506485262673523
7250,8.506485262673523
7251,8.506485262673523
7252,8.506485262673523
7253,8.506485262673523
7254,8.506485262673523
7255,8.506485262673523
7256,8.506485262673523
7257,8.506485262673523
7258,8.506485262673523
7259,8.506485262673523
7260,8.506485262673523
7261,8.506485262673523
7262,8.506485262673523
7263,8.506485262673523
7264,8.506485262673523
7265,8.506485262673523
7266,8.506485262673523
7267,8.506485262673523
7268,8.506485262673523
7269,8.506485262673523
7270,8.506485262673523
7271,8.506485262673523
7272,8.506485262673523
7273,8.506485262673523
7274,8.506485262673523
7275,8.506485262673523
7276,8.506485262673523
7277,8.506485262673523
7278,8.506485262673523
7279,8.506485262673523
7280,8.506485262673523
7281,8.506485262673523
7282,8.506485262673523
7283,8.506485262673523
7284,8.506485262673523
7285,8.506485262673523
7286,8.506485262673523
7287,8.506485262673523
7288,8.506485262673523
7289,8.506485262673523
7290,8.506485262673523
7291,8.506485262673523
7292,8.506485262673523
7293,8.506485262673523
7294,8.506485262673523
7295,8.506485262673523
7296,8.506485262673523
7297,8.506485262673523
7298,8.506485262673523
7299,8.506485262673523
7300,8.506485262673523
7301,8.506485262673523
7302,8.506485262673523
7303,8.506485262673523
7304,8.506485262673523
7305,8.506485262673523
7306,8.506485262673523
7307,8.506485262673523
7308,8.506485262673523
7309,8.506485262673523
7310,8.506485262673523
7311,8.506485262673523
7312,8.506485262673523
7313,8.506485262673523
7314,8.506485262673523
7315,8.506485262673523
7316,8.506485262673523
7317,8.506485262673523
7318,8.506485262673523
7319,8.506485262673523
7320,8.506485262673523
7321,8.506485262673523
7322,8.506485262673523
7323,8.506485262673523
7324,8.506485262673523
7325,8.506485262673523
7326,8.506485262673523
7327,8.506485262673523
7328,8.506485262673523
7329,8.506485262673523
7330,8.506485262673523
7331,8.506485262673523
7332,8.506485262673523
7333,8.506485262673523
7334,8.506485262673523
7335,8.506485262673523
7336,8.506485262673523
7337,8.506485262673523
7338,8.506485262673523
7339,8.506485262673523
7340,8.506485262673523
7341,8.506485262673523
7342,8.506485262673523
7343,8.506485262673523
7344,8.506485262673523
7345,8.506485262673523
7346,8.506485262673523
7347,8.506485262673523
7348,8.506485262673523
7349,8.506485262673523
7350,8.506485262673523
7351,8.506485262673523
7352,8.506485262673523
7353,8.506485262673523
7354,8.506485262673523
7355,8.506485262673523
7356,8.506485262673523
7357,8.506485262673523
7358,8.506485262673523
7359,8.506485262673523
7360,8.506485262673523
7361,8.506485262673523
7362,8.506485262673523
7363,8.506485262673523
7364,8.506485262673523
7365,8.506485262673523
7366,8.506485262673523
7367,8.506485262673523
7368,8.506485262673523
7369,8.506485262673523
7370,8.506485262673523
7371,8.506485262673523
7372,8.506485262673523
7373,8.506485262673523
7374,8.506485262673523
7375,8.506485262673523
7376,8.506485262673523
7377,8.506485262673523
7378,8.506485262673523
7379,8.506485262673523
7380,8.506485262673523
7381,8.506485262673523
7382,8.506485262673523
7383,8.506485262673523
7384,8.506485262673523
7385,8.506485262673523
7386,8.506485262673523
7387,8.506485262673523
7388,8.506485262673523
7389,8.506485262673523
7390,8.506485262673523
7391,8.506485262673523
7392,8.506485262673523
7393,8.506485262673523
7394,8.506485262673523
7395,8.506485262673523
7396,8.506485262673523
7397,8.506485262673523
7398,8.506485262673523
7399,8.506485262673523
7400,8.506485262673523
7401,8.506485262673523
7402,8.506485262673523
7403,8.506485262673523
7404,8.506485262673523
7405,8.506485262673523
7406,8.506485262673523
7407,8.506485262673523
7408,8.506485262673523
7409,8.506485262673523
7410,8.506485262673523
7411,8.506485262673523
7412,8.506485262673523
7413,8.506485262673523
7414,8.506485262673523
7415,8.506485262673523
7416,8.506485262673523
7417,8.506485262673523
7418,8.506485262673523
7419,8.506485262673523
7420,8.506485262673523
7421,8.506485262673523
7422,8.506485262673523
7423,8.506485262673523
7424,8.506485262673523
7425,8.506485262673523
7426,8.506485262673523
7427,8.506485262673523
7428,8.506485262673523
7429,8.506485262673523
7430,8.506485262673523
7431,8.506485262673523
7432,8.506485262673523
7433,8.506485262673523
7434,8.506485262673523
7435,8.506485262673523
7436,8.506485262673523
7437,8.506485262673523
7438,8.506485262673523
7439,8.506485262673523
7440,8.506485262673523
7441,8.506485262673523
7442,8.506485262673523
7443,8.506485262673523
7444,8.506485262673523
7445,8.506485262673523
7446,8.506485262673523
7447,8.506485262673523
7448,8.506485262673523
7449,8.506485262673523
7450,8.506485262673523
7451,8.506485262673523
7452,8.506485262673523
7453,8.506485262673523
7454,8.506485262673523
7455,8.506485262673523
7456,8.506485262673523
7457,8.506485262673523
7458,8.506485262673523
7459,8.506485262673523
7460,8.506485262673523
7461,8.506485262673523
7462,8.506485262673523
7463,8.506485262673523
7464,8.506485262673523
7465,8.506485262673523
7466,8.506485262673523
7467,8.506485262673523
7468,8.506485262673523
7469,8.506485262673523
7470,8.506485262673523
7471,8.506485262673523
7472,8.506485262673523
7473,8.506485262673523
7474,8.506485262673523
7475,8.506485262673523
7476,8.506485262673523
7477,8.506485262673523
7478,8.506485262673523
7479,8.506485262673523
7480,8.506485262673523
7481,8.506485262673523
7482,8.506485262673523
7483,8.506485262673523
7484,8.506485262673523
7485,8.506485262673523
7486,8.506485262673523
7487,8.506485262673523
7488,8.506485262673523
7489,8.506485262673523
7490,8.506485262673523
7491,8.506485262673523
7492,8.506485262673523
7493,8.506485262673523
7494,8.506485262673523
7495,8.506485262673523
7496,8.506485262673523
7497,8.506485262673523
7498,8.506485262673523
7499,8.506485262673523
7500,8.506485262673523
7501,8.506485262673523
7502,8.506485262673523
7503,8.506485262673523
7504,8.506485262673523
7505,8.506485262673523
7506,8.506485262673523
7507,8.506485262673523
7508,8.506485262673523
7509,8.506485262673523
7510,8.506485262673523
7511,8.506485262673523
7512,8.506485262673523
7513,8.506485262673523
7514,8.506485262673523
7515,8.506485262673523
7516,8.506485262673523
7517,8.506485262673523
7518,8.506485262673523
7519,8.506485262673523
7520,8.506485262673523
7521,8.506485262673523
7522,8.506485262673523
7523,8.506485262673523
7524,8.506485262673523
7525,8.506485262673523
7526,8.506485262673523
7527,8.506485262673523
7528,8.506485262673523
7529,8.506485262673523
7530,8.506485262673523
7531,8.506485262673523
7532,8.506485262673523
7533,8.506485262673523
7534,8.506485262673523
7535,8.506485262673523
7536,8.506485262673523
7537,8.506485262673523
7538,8.506485262673523
7539,8.506485262673523
7540,8.506485262673523
7541,8.506485262673523
7542,8.506485262673523
7543,8.506485262673523
7544,8.506485262673523
7545,8.506485262673523
7546,8.506485262673523
7547,8.506485262673523
7548,8.506485262673523
7549,8.506485262673523
7550,8.506485262673523
7551,8.506485262673523
7552,8.506485262673523
7553,8.506485262673523
7554,8.506485262673523
7555,8.506485262673523
7556,8.506485262673523
7557,8.506485262673523
7558,8.506485262673523
7559,8.506485262673523
7560,8.506485262673523
7561,8.506485262673523
7562,8.506485262673523
7563,8.506485262673523
7564,8.506485262673523
7565,8.506485262673523
7566,8.506485262673523
7567,8.506485262673523
7568,8.506485262673523
7569,8.506485262673523
7570,8.506485262673523
7571,8.506485262673523
7572,8.506485262673523
7573,8.506485262673523
7574,8.506485262673523
7575,8.506485262673523
7576,8.506485262673523
7577,8.506485262673523
7578,8.506485262673523
7579,8.506485262673523
7580,8.506485262673523
7581,8.506485262673523
7582,8.506485262673523
7583,8.506485262673523
7584,8.506485262673523
7585,8.506485262673523
7586,8.506485262673523
7587,8.506485262673523
7588,8.506485262673523
7589,8.506485262673523
7590,8.506485262673523
7591,8.506485262673523
7592,8.506485262673523
7593,8.506485262673523
7594,8.506485262673523
7595,8.506485262673523
7596,8.506485262673523
7597,8.506485262673523
7598,8.506485262673523
7599,8.506485262673523
7600,8.506485262673523
7601,8.506485262673523
7602,8.506485262673523
7603,8.506485262673523
7604,8.506485262673523
7605,8.506485262673523
7606,8.506485262673523
7607,8.506485262673523
7608,8.506485262673523
7609,8.506485262673523
7610,8.506485262673523
7611,8.506485262673523
7612,8.506485262673523
7613,8.506485262673523
7614,8.506485262673523
7615,8.506485262673523
7616,8.506485262673523
7617,8.506485262673523
7618,8.506485262673523
7619,8.506485262673523
7620,8.506485262673523
7621,8.506485262673523
7622,8.506485262673523
7623,8.506485262673523
7624,8.506485262673523
7625,8.506485262673523
7626,8.506485262673523
7627,8.506485262673523
7628,8.506485262673523
7629,8.506485262673523
7630,8.506485262673523
7631,8.506485262673523
7632,8.506485262673523
7633,8.506485262673523
7634,8.506485262673523
7635,8.506485262673523
7636,8.506485262673523
7637,8.506485262673523
7638,8.506485262673523
7639,8.506485262673523
7640,8.506485262673523
7641,8.506485262673523
7642,8.506485262673523
7643,8.506485262673523
7644,8.506485262673523
7645,8.506485262673523
7646,8.506485262673523
7647,8.506485262673523
7648,8.506485262673523
7649,8.506485262673523
7650,8.506485262673523
7651,8.506485262673523
7652,8.506485262673523
7653,8.506485262673523
7654,8.506485262673523
7655,8.506485262673523
7656,8.506485262673523
7657,8.506485262673523
7658,8.506485262673523
7659,8.506485262673523
7660,8.506485262673523
7661,8.506485262673523
7662,8.506485262673523
7663,8.506485262673523
7664,8.506485262673523
7665,8.506485262673523
7666,8.506485262673523
7667,8.506485262673523
7668,8.506485262673523
7669,8.506485262673523
7670,8.506485262673523
7671,8.506485262673523
7672,8.506485262673523
7673,8.506485262673523
7674,8.506485262673523
7675,8.506485262673523
7676,8.506485262673523
7677,8.506485262673523
7678,8.506485262673523
7679,8.506485262673523
7680,8.506485262673523
7681,8.506485262673523
7682,8.506485262673523
7683,8.506485262673523
7684,8.506485262673523
7685,8.506485262673523
7686,8.506485262673523
7687,8.506485262673523
7688,8.506485262673523
7689,8.506485262673523
7690,8.506485262673523
7691,8.506485262673523
7692,8.506485262673523
7693,8.506485262673523
7694,8.506485262673523
7695,8.506485262673523
7696,8.506485262673523
7697,8.506485262673523
7698,8.506485262673523
7699,8.506485262673523
7700,8.506485262673523
7701,8.506485262673523
7702,8.506485262673523
7703,8.506485262673523
7704,8.506485262673523
7705,8.506485262673523
7706,8.506485262673523
7707,8.506485262673523
7708,8.506485262673523
7709,8.506485262673523
7710,8.506485262673523
7711,8.506485262673523
7712,8.506485262673523
7713,8.506485262673523
7714,8.506485262673523
7715,8.506485262673523
7716,8.506485262673523
7717,8.506485262673523
7718,8.506485262673523
7719,8.506485262673523
7720,8.506485262673523
7721,8.506485262673523
7722,8.506485262673523
7723,8.506485262673523
7724,8.506485262673523
7725,8.506485262673523
7726,8.506485262673523
7727,8.506485262673523
7728,8.506485262673523
7729,8.506485262673523
7730,8.506485262673523
7731,8.506485262673523
7732,8.506485262673523
7733,8.506485262673523
7734,8.506485262673523
7735,8.506485262673523
7736,8.506485262673523
7737,8.506485262673523
7738,8.506485262673523
7739,8.506485262673523
7740,8.506485262673523
7741,8.506485262673523
7742,8.506485262673523
7743,8.506485262673523
7744,8.506485262673523
7745,8.506485262673523
7746,8.506485262673523
7747,8.506485262673523
7748,8.506485262673523
7749,8.506485262673523
7750,8.506485262673523
7751,8.506485262673523
7752,8.506485262673523
7753,8.506485262673523
7754,8.506485262673523
7755,8.506485262673523
7756,8.506485262673523
7757,8.506485262673523
7758,8.506485262673523
7759,8.506485262673523
7760,8.506485262673523
7761,8.506485262673523
7762,8.506485262673523
7763,8.506485262673523
7764,8.506485262673523
7765,8.506485262673523
7766,8.506485262673523
7767,8.506485262673523
7768,8.506485262673523
7769,8.506485262673523
7770,8.506485262673523
7771,8.506485262673523
7772,8.506485262673523
7773,8.506485262673523
7774,8.506485262673523
7775,8.506485262673523
7776,8.506485262673523
7777,8.506485262673523
7778,8.506485262673523
7779,8.506485262673523
7780,8.506485262673523
7781,8.506485262673523
7782,8.506485262673523
7783,8.506485262673523
7784,8.506485262673523
7785,8.506485262673523
7786,8.506485262673523
7787,8.506485262673523
7788,8.506485262673523
7789,8.506485262673523
7790,8.506485262673523
7791,8.506485262673523
7792,8.506485262673523
7793,8.506485262673523
7794,8.506485262673523
7795,8.506485262673523
7796,8.506485262673523
7797,8.506485262673523
7798,8.506485262673523
7799,8.506485262673523
7800,8.506485262673523
7801,8.506485262673523
7802,8.506485262673523
7803,8.506485262673523
7804,8.506485262673523
7805,8.506485262673523
7806,8.506485262673523
7807,8.506485262673523
7808,8.506485262673523
7809,8.506485262673523
7810,8.506485262673523
7811,8.506485262673523
7812,8.506485262673523
7813,8.506485262673523
7814,8.506485262673523
7815,8.506485262673523
7816,8.506485262673523
7817,8.506485262673523
7818,8.506485262673523
7819,8.506485262673523
7820,8.506485262673523
7821,8.506485262673523
7822,8.506485262673523
7823,8.506485262673523
7824,8.506485262673523
7825,8.506485262673523
7826,8.506485262673523
7827,8.506485262673523
7828,8.506485262673523
7829,8.506485262673523
7830,8.506485262673523
7831,8.506485262673523
7832,8.506485262673523
7833,8.506485262673523
7834,8.506485262673523
7835,8.506485262673523
7836,8.506485262673523
7837,8.506485262673523
7838,8.506485262673523
7839,8.506485262673523
7840,8.506485262673523
7841,8.506485262673523
7842,8.506485262673523
7843,8.506485262673523
7844,8.506485262673523
7845,8.506485262673523
7846,8.506485262673523
7847,8.506485262673523
7848,8.506485262673523
7849,8.506485262673523
7850,8.506485262673523
7851,8.506485262673523
7852,8.506485262673523
7853,8.506485262673523
7854,8.506485262673523
7855,8.506485262673523
7856,8.506485262673523
7857,8.506485262673523
7858,8.506485262673523
7859,8.506485262673523
7860,8.506485262673523
7861,8.506485262673523
7862,8.506485262673523
7863,8.506485262673523
7864,8.506485262673523
7865,8.506485262673523
7866,8.506485262673523
7867,8.506485262673523
7868,8.506485262673523
7869,8.506485262673523
7870,8.506485262673523
7871,8.506485262673523
7872,8.506485262673523
7873,8.506485262673523
7874,8.506485262673523
7875,8.506485262673523
7876,8.506485262673523
7877,8.506485262673523
7878,8.506485262673523
7879,8.506485262673523
7880,8.506485262673523
7881,8.506485262673523
7882,8.506485262673523
7883,8.506485262673523
7884,8.506485262673523
7885,8.506485262673523
7886,8.506485262673523
7887,8.506485262673523
7888,8.506485262673523
7889,8.506485262673523
7890,8.506485262673523
7891,8.506485262673523
7892,8.506485262673523
7893,8.506485262673523
7894,8.506485262673523
7895,8.506485262673523
7896,8.506485262673523
7897,8.506485262673523
7898,8.506485262673523
7899,8.506485262673523
7900,8.506485262673523
7901,8.506485262673523
7902,8.506485262673523
7903,8.506485262673523
7904,8.506485262673523
7905,8.506485262673523
7906,8.506485262673523
7907,8.506485262673523
7908,8.506485262673523
7909,8.506485262673523
7910,8.506485262673523
7911,8.506485262673523
7912,8.506485262673523
7913,8.506485262673523
7914,8.506485262673523
7915,8.506485262673523
7916,8.506485262673523
7917,8.506485262673523
7918,8.506485262673523
7919,8.506485262673523
7920,8.506485262673523
7921,8.506485262673523
7922,8.506485262673523
7923,8.506485262673523
7924,8.506485262673523
7925,8.506485262673523
7926,8.506485262673523
7927,8.506485262673523
7928,8.506485262673523
7929,8.506485262673523
7930,8.506485262673523
7931,8.506485262673523
7932,8.506485262673523
7933,8.506485262673523
7934,8.506485262673523
7935,8.506485262673523
7936,8.506485262673523
7937,8.506485262673523
7938,8.506485262673523
7939,8.506485262673523
7940,8.506485262673523
7941,8.506485262673523
7942,8.506485262673523
7943,8.506485262673523
7944,8.506485262673523
7945,8.506485262673523
7946,8.506485262673523
7947,8.506485262673523
7948,8.506485262673523
7949,8.506485262673523
7950,8.506485262673523
7951,8.506485262673523
7952,8.506485262673523
7953,8.506485262673523
7954,8.506485262673523
7955,8.506485262673523
7956,8.506485262673523
7957,8.506485262673523
7958,8.506485262673523
7959,8.506485262673523
7960,8.506485262673523
7961,8.506485262673523
7962,8.506485262673523
7963,8.506485262673523
7964,8.506485262673523
7965,8.506485262673523
7966,8.506485262673523
7967,8.506485262673523
7968,8.506485262673523
7969,8.506485262673523
7970,8.506485262673523
7971,8.506485262673523
7972,8.506485262673523
7973,8.506485262673523
7974,8.506485262673523
7975,8.506485262673523
7976,8.506485262673523
7977,8.506485262673523
7978,8.506485262673523
7979,8.506485262673523
7980,8.506485262673523
7981,8.506485262673523
7982,8.506485262673523
7983,8.506485262673523
7984,8.506485262673523
7985,8.506485262673523
7986,8.506485262673523
7987,8.506485262673523
7988,8.506485262673523
7989,8.506485262673523
7990,8.506485262673523
7991,8.506485262673523
7992,8.506485262673523
7993,8.506485262673523
7994,8.506485262673523
7995,8.506485262673523
7996,8.506485262673523
7997,8.506485262673523
7998,8.506485262673523
7999,8.506485262673523
8000,8.506485262673523
8001,8.506485262673523
8002,8.506485262673523
8003,8.506485262673523
8004,8.506485262673523
8005,8.506485262673523
8006,8.506485262673523
8007,8.506485262673523
8008,8.506485262673523
8009,8.506485262673523
8010,8.506485262673523
8011,8.506485262673523
8012,8.506485262673523
8013,8.506485262673523
8014,8.506485262673523
8015,8.506485262673523
8016,8.506485262673523
8017,8.506485262673523
8018,8.506485262673523
8019,8.506485262673523
8020,8.506485262673523
8021,8.506485262673523
8022,8.506485262673523
8023,8.506485262673523
8024,8.506485262673523
8025,8.506485262673523
8026,8.506485262673523
8027,8.506485262673523
8028,8.506485262673523
8029,8.506485262673523
8030,8.506485262673523
8031,8.506485262673523
8032,8.506485262673523
8033,8.506485262673523
8034,8.506485262673523
8035,8.506485262673523
8036,8.506485262673523
8037,8.506485262673523
8038,8.506485262673523
8039,8.506485262673523
8040,8.506485262673523
8041,8.506485262673523
8042,8.506485262673523
8043,8.506485262673523
8044,8.506485262673523
8045,8.506485262673523
8046,8.506485262673523
8047,8.506485262673523
8048,8.506485262673523
8049,8.506485262673523
8050,8.506485262673523
8051,8.506485262673523
8052,8.506485262673523
8053,8.506485262673523
8054,8.506485262673523
8055,8.506485262673523
8056,8.506485262673523
8057,8.506485262673523
8058,8.506485262673523
8059,8.506485262673523
8060,8.506485262673523
8061,8.506485262673523
8062,8.506485262673523
8063,8.506485262673523
8064,8.506485262673523
8065,8.506485262673523
8066,8.506485262673523
8067,8.506485262673523
8068,8.506485262673523
8069,8.506485262673523
8070,8.506485262673523
8071,8.506485262673523
8072,8.506485262673523
8073,8.506485262673523
8074,8.506485262673523
8075,8.506485262673523
8076,8.506485262673523
8077,8.506485262673523
8078,8.506485262673523
8079,8.506485262673523
8080,8.506485262673523
8081,8.506485262673523
8082,8.506485262673523
8083,8.506485262673523
8084,8.506485262673523
8085,8.506485262673523
8086,8.506485262673523
8087,8.506485262673523
8088,8.506485262673523
8089,8.506485262673523
8090,8.506485262673523
8091,8.506485262673523
8092,8.506485262673523
8093,8.506485262673523
8094,8.506485262673523
8095,8.506485262673523
8096,8.506485262673523
8097,8.506485262673523
8098,8.506485262673523
8099,8.506485262673523
8100,8.506485262673523
8101,8.506485262673523
8102,8.506485262673523
8103,8.506485262673523
8104,8.506485262673523
8105,8.506485262673523
8106,8.506485262673523
8107,8.506485262673523
8108,8.506485262673523
8109,8.506485262673523
8110,8.506485262673523
8111,8.506485262673523
8112,8.506485262673523
8113,8.506485262673523
8114,8.506485262673523
8115,8.506485262673523
8116,8.506485262673523
8117,8.506485262673523
8118,8.506485262673523
8119,8.506485262673523
8120,8.506485262673523
8121,8.506485262673523
8122,8.506485262673523
8123,8.506485262673523
8124,8.506485262673523
8125,8.506485262673523
8126,8.506485262673523
8127,8.506485262673523
8128,8.506485262673523
8129,8.506485262673523
8130,8.506485262673523
8131,8.506485262673523
8132,8.506485262673523
8133,8.506485262673523
8134,8.506485262673523
8135,8.506485262673523
8136,8.506485262673523
8137,8.506485262673523
8138,8.506485262673523
8139,8.506485262673523
8140,8.506485262673523
8141,8.506485262673523
8142,8.506485262673523
8143,8.506485262673523
8144,8.506485262673523
8145,8.506485262673523
8146,8.506485262673523
8147,8.506485262673523
8148,8.506485262673523
8149,8.506485262673523
8150,8.506485262673523
8151,8.506485262673523
8152,8.506485262673523
8153,8.506485262673523
8154,8.506485262673523
8155,8.506485262673523
8156,8.506485262673523
8157,8.506485262673523
8158,8.506485262673523
8159,8.506485262673523
8160,8.506485262673523
8161,8.506485262673523
8162,8.506485262673523
8163,8.506485262673523
8164,8.506485262673523
8165,8.506485262673523
8166,8.506485262673523
8167,8.506485262673523
8168,8.506485262673523
8169,8.506485262673523
8170,8.506485262673523
8171,8.506485262673523
8172,8.506485262673523
8173,8.506485262673523
8174,8.506485262673523
8175,8.506485262673523
8176,8.506485262673523
8177,8.506485262673523
8178,8.506485262673523
8179,8.506485262673523
8180,8.506485262673523
8181,8.506485262673523
8182,8.506485262673523
8183,8.506485262673523
8184,8.506485262673523
8185,8.506485262673523
8186,8.506485262673523
8187,8.506485262673523
8188,8.506485262673523
8189,8.506485262673523
8190,8.506485262673523
8191,8.506485262673523
8192,8.506485262673523
8193,8.506485262673523
8194,8.506485262673523
8195,8.506485262673523
8196,8.506485262673523
8197,8.506485262673523
8198,8.506485262673523
8199,8.506485262673523
8200,8.506485262673523
8201,8.506485262673523
8202,8.506485262673523
8203,8.506485262673523
8204,8.506485262673523
8205,8.506485262673523
8206,8.506485262673523
8207,8.506485262673523
8208,8.506485262673523
8209,8.506485262673523
8210,8.506485262673523
8211,8.506485262673523
8212,8.506485262673523
8213,8.506485262673523
8214,8.506485262673523
8215,8.506485262673523
8216,8.506485262673523
8217,8.506485262673523
8218,8.506485262673523
8219,8.506485262673523
8220,8.506485262673523
8221,8.506485262673523
8222,8.506485262673523
8223,8.506485262673523
8224,8.506485262673523
8225,8.506485262673523
8226,8.506485262673523
8227,8.506485262673523
8228,8.506485262673523
8229,8.506485262673523
8230,8.506485262673523
8231,8.506485262673523
8232,8.506485262673523
8233,8.506485262673523
8234,8.506485262673523
8235,8.506485262673523
8236,8.506485262673523
8237,8.506485262673523
8238,8.506485262673523
8239,8.506485262673523
8240,8.506485262673523
8241,8.506485262673523
8242,8.506485262673523
8243,8.506485262673523
8244,8.506485262673523
8245,8.506485262673523
8246,8.506485262673523
8247,8.506485262673523
8248,8.506485262673523
8249,8.506485262673523
8250,8.506485262673523
8251,8.506485262673523
8252,8.506485262673523
8253,8.506485262673523
8254,8.506485262673523
8255,8.506485262673523
8256,8.506485262673523
8257,8.506485262673523
8258,8.506485262673523
8259,8.506485262673523
8260,8.506485262673523
8261,8.506485262673523
8262,8.506485262673523
8263,8.506485262673523
8264,8.506485262673523
8265,8.506485262673523
8266,8.506485262673523
8267,8.506485262673523
8268,8.506485262673523
8269,8.506485262673523
8270,8.506485262673523
8271,8.506485262673523
8272,8.506485262673523
8273,8.506485262673523
8274,8.506485262673523
8275,8.506485262673523
8276,8.506485262673523
8277,8.506485262673523
8278,8.506485262673523
8279,8.506485262673523
8280,8.506485262673523
8281,8.506485262673523
8282,8.506485262673523
8283,8.506485262673523
8284,8.506485262673523
8285,8.506485262673523
8286,8.506485262673523
8287,8.506485262673523
8288,8.506485262673523
8289,8.506485262673523
8290,8.506485262673523
8291,8.506485262673523
8292,8.506485262673523
8293,8.506485262673523
8294,8.506485262673523
8295,8.506485262673523
8296,8.506485262673523
8297,8.506485262673523
8298,8.506485262673523
8299,8.506485262673523
8300,8.506485262673523
8301,8.506485262673523
8302,8.506485262673523
8303,8.506485262673523
8304,8.506485262673523
8305,8.506485262673523
8306,8.506485262673523
8307,8.506485262673523
8308,8.506485262673523
8309,8.506485262673523
8310,8.506485262673523
8311,8.506485262673523
8312,8.506485262673523
8313,8.506485262673523
8314,8.506485262673523
8315,8.506485262673523
8316,8.506485262673523
8317,8.506485262673523
8318,8.506485262673523
8319,8.506485262673523
8320,8.506485262673523
8321,8.506485262673523
8322,8.506485262673523
8323,8.506485262673523
8324,8.506485262673523
8325,8.506485262673523
8326,8.506485262673523
8327,8.506485262673523
8328,8.506485262673523
8329,8.506485262673523
8330,8.506485262673523
8331,8.506485262673523
8332,8.506485262673523
8333,8.506485262673523
8334,8.506485262673523
8335,8.506485262673523
8336,8.506485262673523
8337,8.506485262673523
8338,8.506485262673523
8339,8.506485262673523
8340,8.506485262673523
8341,8.506485262673523
8342,8.506485262673523
8343,8.506485262673523
8344,8.506485262673523
8345,8.506485262673523
8346,8.506485262673523
8347,8.506485262673523
8348,8.506485262673523
8349,8.506485262673523
8350,8.506485262673523
8351,8.506485262673523
8352,8.506485262673523
8353,8.506485262673523
8354,8.506485262673523
8355,8.506485262673523
8356,8.506485262673523
8357,8.506485262673523
8358,8.506485262673523
8359,8.506485262673523
8360,8.506485262673523
8361,8.506485262673523
8362,8.506485262673523
8363,8.506485262673523
8364,8.506485262673523
8365,8.506485262673523
8366,8.506485262673523
8367,8.506485262673523
8368,8.506485262673523
8369,8.506485262673523
8370,8.506485262673523
8371,8.506485262673523
8372,8.506485262673523
8373,8.506485262673523
8374,8.506485262673523
8375,8.506485262673523
8376,8.506485262673523
8377,8.506485262673523
8378,8.506485262673523
8379,8.506485262673523
8380,8.506485262673523
8381,8.506485262673523
8382,8.506485262673523
8383,8.506485262673523
8384,8.506485262673523
8385,8.506485262673523
8386,8.506485262673523
8387,8.506485262673523
8388,8.506485262673523
8389,8.506485262673523
8390,8.506485262673523
8391,8.506485262673523
8392,8.506485262673523
8393,8.506485262673523
8394,8.506485262673523
8395,8.506485262673523
8396,8.506485262673523
8397,8.506485262673523
8398,8.506485262673523
8399,8.506485262673523
8400,8.506485262673523
8401,8.506485262673523
8402,8.506485262673523
8403,8.506485262673523
8404,8.506485262673523
8405,8.506485262673523
8406,8.506485262673523
8407,8.506485262673523
8408,8.506485262673523
8409,8.506485262673523
8410,8.506485262673523
8411,8.506485262673523
8412,8.506485262673523
8413,8.506485262673523
8414,8.506485262673523
8415,8.506485262673523
8416,8.506485262673523
8417,8.506485262673523
8418,8.506485262673523
8419,8.506485262673523
8420,8.506485262673523
8421,8.506485262673523
8422,8.506485262673523
8423,8.506485262673523
8424,8.506485262673523
8425,8.506485262673523
8426,8.506485262673523
8427,8.506485262673523
8428,8.506485262673523
8429,8.506485262673523
8430,8.506485262673523
8431,8.506485262673523
8432,8.506485262673523
8433,8.506485262673523
8434,8.506485262673523
8435,8.506485262673523
8436,8.506485262673523
8437,8.506485262673523
8438,8.506485262673523
8439,8.506485262673523
8440,8.506485262673523
8441,8.506485262673523
8442,8.506485262673523
8443,8.506485262673523
8444,8.506485262673523
8445,8.506485262673523
8446,8.506485262673523
8447,8.506485262673523
8448,8.506485262673523
8449,8.506485262673523
8450,8.506485262673523
8451,8.506485262673523
8452,8.506485262673523
8453,8.506485262673523
8454,8.506485262673523
8455,8.506485262673523
8456,8.506485262673523
8457,8.506485262673523
8458,8.506485262673523
8459,8.506485262673523
8460,8.506485262673523
8461,8.506485262673523
8462,8.506485262673523
8463,8.506485262673523
8464,8.506485262673523
8465,8.506485262673523
8466,8.506485262673523
8467,8.506485262673523
8468,8.506485262673523
8469,8.506485262673523
8470,8.506485262673523
8471,8.506485262673523
8472,8.506485262673523
8473,8.506485262673523
8474,8.506485262673523
8475,8.506485262673523
8476,8.506485262673523
8477,8.506485262673523
8478,8.506485262673523
8479,8.506485262673523
8480,8.506485262673523
8481,8.506485262673523
8482,8.506485262673523
8483,8.506485262673523
8484,8.506485262673523
8485,8.506485262673523
8486,8.506485262673523
8487,8.506485262673523
8488,8.506485262673523
8489,8.506485262673523
8490,8.506485262673523
8491,8.506485262673523
8492,8.506485262673523
8493,8.506485262673523
8494,8.506485262673523
8495,8.506485262673523
8496,8.506485262673523
8497,8.506485262673523
8498,8.506485262673523
8499,8.506485262673523
8500,8.506485262673523
8501,8.506485262673523
8502,8.506485262673523
8503,8.506485262673523
8504,8.506485262673523
8505,8.506485262673523
8506,8.506485262673523
8507,8.506485262673523
8508,8.506485262673523
8509,8.506485262673523
8510,8.506485262673523
8511,8.506485262673523
8512,8.506485262673523
8513,8.506485262673523
8514,8.506485262673523
8515,8.506485262673523
8516,8.506485262673523
8517,8.506485262673523
8518,8.506485262673523
8519,8.506485262673523
8520,8.506485262673523
8521,8.506485262673523
8522,8.506485262673523
8523,8.506485262673523
8524,8.506485262673523
8525,8.506485262673523
8526,8.506485262673523
8527,8.506485262673523
8528,8.506485262673523
8529,8.506485262673523
8530,8.506485262673523
8531,8.506485262673523
8532,8.506485262673523
8533,8.506485262673523
8534,8.506485262673523
8535,8.506485262673523
8536,8.506485262673523
8537,8.506485262673523
8538,8.506485262673523
8539,8.506485262673523
8540,8.506485262673523
8541,8.506485262673523
8542,8.506485262673523
8543,8.506485262673523
8544,8.506485262673523
8545,8.506485262673523
8546,8.506485262673523
8547,8.506485262673523
8548,8.506485262673523
8549,8.506485262673523
8550,8.506485262673523
8551,8.506485262673523
8552,8.506485262673523
8553,8.506485262673523
8554,8.506485262673523
8555,8.506485262673523
8556,8.506485262673523
8557,8.506485262673523
8558,8.506485262673523
8559,8.506485262673523
8560,8.506485262673523
8561,8.506485262673523
8562,8.506485262673523
8563,8.506485262673523
8564,8.506485262673523
8565,8.506485262673523
8566,8.506485262673523
8567,8.506485262673523
8568,8.506485262673523
8569,8.506485262673523
8570,8.506485262673523
8571,8.506485262673523
8572,8.506485262673523
8573,8.506485262673523
8574,8.506485262673523
8575,8.506485262673523
8576,8.506485262673523
8577,8.506485262673523
8578,8.506485262673523
8579,8.506485262673523
8580,8.506485262673523
8581,8.506485262673523
8582,8.506485262673523
8583,8.506485262673523
8584,8.506485262673523
8585,8.506485262673523
8586,8.506485262673523
8587,8.506485262673523
8588,8.506485262673523
8589,8.506485262673523
8590,8.506485262673523
8591,8.506485262673523
8592,8.506485262673523
8593,8.506485262673523
8594,8.506485262673523
8595,8.506485262673523
8596,8.506485262673523
8597,8.506485262673523
8598,8.506485262673523
8599,8.506485262673523
8600,8.506485262673523
8601,8.506485262673523
8602,8.506485262673523
8603,8.506485262673523
8604,8.506485262673523
8605,8.506485262673523
8606,8.506485262673523
8607,8.506485262673523
8608,8.506485262673523
8609,8.506485262673523
8610,8.506485262673523
8611,8.506485262673523
8612,8.506485262673523
8613,8.506485262673523
8614,8.506485262673523
8615,8.506485262673523
8616,8.506485262673523
8617,8.506485262673523
8618,8.506485262673523
8619,8.506485262673523
8620,8.506485262673523
8621,8.506485262673523
8622,8.506485262673523
8623,8.506485262673523
8624,8.506485262673523
8625,8.506485262673523
8626,8.506485262673523
8627,8.506485262673523
8628,8.506485262673523
8629,8.506485262673523
8630,8.506485262673523
8631,8.506485262673523
8632,8.506485262673523
8633,8.506485262673523
8634,8.506485262673523
8635,8.506485262673523
8636,8.506485262673523
8637,8.506485262673523
8638,8.506485262673523
8639,8.506485262673523
8640,8.506485262673523
8641,8.506485262673523
8642,8.506485262673523
8643,8.506485262673523
8644,8.506485262673523
8645,8.506485262673523
8646,8.506485262673523
8647,8.506485262673523
8648,8.506485262673523
8649,8.506485262673523
8650,8.506485262673523
8651,8.506485262673523
8652,8.506485262673523
8653,8.506485262673523
8654,8.506485262673523
8655,8.506485262673523
8656,8.506485262673523
8657,8.506485262673523
8658,8.506485262673523
8659,8.506485262673523
8660,8.506485262673523
8661,8.506485262673523
8662,8.506485262673523
8663,8.506485262673523
8664,8.506485262673523
8665,8.506485262673523
8666,8.506485262673523
8667,8.506485262673523
8668,8.506485262673523
8669,8.506485262673523
8670,8.506485262673523
8671,8.506485262673523
8672,8.506485262673523
8673,8.506485262673523
8674,8.506485262673523
8675,8.506485262673523
8676,8.506485262673523
8677,8.506485262673523
8678,8.506485262673523
8679,8.506485262673523
8680,8.506485262673523
8681,8.506485262673523
8682,8.506485262673523
8683,8.506485262673523
8684,8.506485262673523
8685,8.506485262673523
8686,8.506485262673523
8687,8.506485262673523
8688,8.506485262673523
8689,8.506485262673523
8690,8.506485262673523
8691,8.506485262673523
8692,8.506485262673523
8693,8.506485262673523
8694,8.506485262673523
8695,8.506485262673523
8696,8.506485262673523
8697,8.506485262673523
8698,8.506485262673523
8699,8.506485262673523
8700,8.506485262673523
8701,8.506485262673523
8702,8.506485262673523
8703,8.506485262673523
8704,8.506485262673523
8705,8.506485262673523
8706,8.506485262673523
8707,8.506485262673523
8708,8.506485262673523
8709,8.506485262673523
8710,8.506485262673523
8711,8.506485262673523
8712,8.506485262673523
8713,8.506485262673523
8714,8.506485262673523
8715,8.506485262673523
8716,8.506485262673523
8717,8.506485262673523
8718,8.506485262673523
8719,8.506485262673523
8720,8.506485262673523
8721,8.506485262673523
8722,8.506485262673523
8723,8.506485262673523
8724,8.506485262673523
8725,8.506485262673523
8726,8.506485262673523
8727,8.506485262673523
8728,8.506485262673523
8729,8.506485262673523
8730,8.506485262673523
8731,8.506485262673523
8732,8.506485262673523
8733,8.506485262673523
8734,8.506485262673523
8735,8.506485262673523
8736,8.506485262673523
8737,8.506485262673523
8738,8.506485262673523
8739,8.506485262673523
8740,8.506485262673523
8741,8.506485262673523
8742,8.506485262673523
8743,8.506485262673523
8744,8.506485262673523
8745,8.506485262673523
8746,8.506485262673523
8747,8.506485262673523
8748,8.506485262673523
8749,8.506485262673523
8750,8.506485262673523
8751,8.506485262673523
8752,8.506485262673523
8753,8.506485262673523
8754,8.506485262673523
8755,8.506485262673523
8756,8.506485262673523
8757,8.506485262673523
8758,8.506485262673523
8759,8.506485262673523
8760,8.506485262673523
8761,8.506485262673523
8762,8.506485262673523
8763,8.506485262673523
8764,8.506485262673523
8765,8.506485262673523
8766,8.506485262673523
8767,8.506485262673523
8768,8.506485262673523
8769,8.506485262673523
8770,8.506485262673523
8771,8.506485262673523
8772,8.506485262673523
8773,8.506485262673523
8774,8.506485262673523
8775,8.506485262673523
8776,8.506485262673523
8777,8.506485262673523
8778,8.506485262673523
8779,8.506485262673523
8780,8.506485262673523
8781,8.506485262673523
8782,8.506485262673523
8783,8.506485262673523
8784,8.506485262673523
8785,8.506485262673523
8786,8.506485262673523
8787,8.506485262673523
8788,8.506485262673523
8789,8.506485262673523
8790,8.506485262673523
8791,8.506485262673523
8792,8.506485262673523
8793,8.506485262673523
8794,8.506485262673523
8795,8.506485262673523
8796,8.506485262673523
8797,8.506485262673523
8798,8.506485262673523
8799,8.506485262673523
8800,8.506485262673523
8801,8.506485262673523
8802,8.506485262673523
8803,8.506485262673523
8804,8.506485262673523
8805,8.506485262673523
8806,8.506485262673523
8807,8.506485262673523
8808,8.506485262673523
8809,8.506485262673523
8810,8.506485262673523
8811,8.506485262673523
8812,8.506485262673523
8813,8.506485262673523
8814,8.506485262673523
8815,8.506485262673523
8816,8.506485262673523
8817,8.506485262673523
8818,8.506485262673523
8819,8.506485262673523
8820,8.506485262673523
8821,8.506485262673523
8822,8.506485262673523
8823,8.506485262673523
8824,8.506485262673523
8825,8.506485262673523
8826,8.506485262673523
8827,8.506485262673523
8828,8.506485262673523
8829,8.506485262673523
8830,8.506485262673523
8831,8.506485262673523
8832,8.506485262673523
8833,8.506485262673523
8834,8.506485262673523
8835,8.506485262673523
8836,8.506485262673523
8837,8.506485262673523
8838,8.506485262673523
8839,8.506485262673523
8840,8.506485262673523
8841,8.506485262673523
8842,8.506485262673523
8843,8.506485262673523
8844,8.506485262673523
8845,8.506485262673523
8846,8.506485262673523
8847,8.506485262673523
8848,8.506485262673523
8849,8.506485262673523
8850,8.506485262673523
8851,8.506485262673523
8852,8.506485262673523
8853,8.506485262673523
8854,8.506485262673523
8855,8.506485262673523
8856,8.506485262673523
8857,8.506485262673523
8858,8.506485262673523
8859,8.506485262673523
8860,8.506485262673523
8861,8.506485262673523
8862,8.506485262673523
8863,8.506485262673523
8864,8.506485262673523
8865,8.506485262673523
8866,8.506485262673523
8867,8.506485262673523
8868,8.506485262673523
8869,8.506485262673523
8870,8.506485262673523
8871,8.506485262673523
8872,8.506485262673523
8873,8.506485262673523
8874,8.506485262673523
8875,8.506485262673523
8876,8.506485262673523
8877,8.506485262673523
8878,8.506485262673523
8879,8.506485262673523
8880,8.506485262673523
8881,8.506485262673523
8882,8.506485262673523
8883,8.506485262673523
8884,8.506485262673523
8885,8.506485262673523
8886,8.506485262673523
8887,8.506485262673523
8888,8.506485262673523
8889,8.506485262673523
8890,8.506485262673523
8891,8.506485262673523
8892,8.506485262673523
8893,8.506485262673523
8894,8.506485262673523
8895,8.506485262673523
8896,8.506485262673523
8897,8.506485262673523
8898,8.506485262673523
8899,8.506485262673523
8900,8.506485262673523
8901,8.506485262673523
8902,8.506485262673523
8903,8.506485262673523
8904,8.506485262673523
8905,8.506485262673523
8906,8.506485262673523
8907,8.506485262673523
8908,8.506485262673523
8909,8.506485262673523
8910,8.506485262673523
8911,8.506485262673523
8912,8.506485262673523
8913,8.506485262673523
8914,8.506485262673523
8915,8.506485262673523
8916,8.506485262673523
8917,8.506485262673523
8918,8.506485262673523
8919,8.506485262673523
8920,8.506485262673523
8921,8.506485262673523
8922,8.506485262673523
8923,8.506485262673523
8924,8.506485262673523
8925,8.506485262673523
8926,8.506485262673523
8927,8.506485262673523
8928,8.506485262673523
8929,8.506485262673523
8930,8.506485262673523
8931,8.506485262673523
8932,8.506485262673523
8933,8.506485262673523
8934,8.506485262673523
8935,8.506485262673523
8936,8.506485262673523
8937,8.506485262673523
8938,8.506485262673523
8939,8.506485262673523
8940,8.506485262673523
8941,8.506485262673523
8942,8.506485262673523
8943,8.506485262673523
8944,8.506485262673523
8945,8.506485262673523
8946,8.506485262673523
8947,8.506485262673523
8948,8.506485262673523
8949,8.506485262673523
8950,8.506485262673523
8951,8.506485262673523
8952,8.506485262673523
8953,8.506485262673523
8954,8.506485262673523
8955,8.506485262673523
8956,8.506485262673523
8957,8.506485262673523
8958,8.506485262673523
8959,8.506485262673523
8960,8.506485262673523
8961,8.506485262673523
8962,8.506485262673523
8963,8.506485262673523
8964,8.506485262673523
8965,8.506485262673523
8966,8.506485262673523
8967,8.506485262673523
8968,8.506485262673523
8969,8.506485262673523
8970,8.506485262673523
8971,8.506485262673523
8972,8.506485262673523
8973,8.506485262673523
8974,8.506485262673523
8975,8.506485262673523
8976,8.506485262673523
8977,8.506485262673523
8978,8.506485262673523
8979,8.506485262673523
8980,8.506485262673523
8981,8.506485262673523
8982,8.506485262673523
8983,8.506485262673523
8984,8.506485262673523
8985,8.506485262673523
8986,8.506485262673523
8987,8.506485262673523
8988,8.506485262673523
8989,8.506485262673523
8990,8.506485262673523
8991,8.506485262673523
8992,8.506485262673523
8993,8.506485262673523
8994,8.506485262673523
8995,8.506485262673523
8996,8.506485262673523
8997,8.506485262673523
8998,8.506485262673523
8999,8.506485262673523
9000,8.506485262673523
9001,8.506485262673523
9002,8.506485262673523
9003,8.506485262673523
9004,8.506485262673523
9005,8.506485262673523
9006,8.506485262673523
9007,8.506485262673523
9008,8.506485262673523
9009,8.506485262673523
9010,8.506485262673523
9011,8.506485262673523
9012,8.506485262673523
9013,8.506485262673523
9014,8.506485262673523
9015,8.506485262673523
9016,8.506485262673523
9017,8.506485262673523
9018,8.506485262673523
9019,8.506485262673523
9020,8.506485262673523
9021,8.506485262673523
9022,8.506485262673523
9023,8.506485262673523
9024,8.506485262673523
9025,8.506485262673523
9026,8.506485262673523
9027,8.506485262673523
9028,8.506485262673523
9029,8.506485262673523
9030,8.506485262673523
9031,8.506485262673523
9032,8.506485262673523
9033,8.506485262673523
9034,8.506485262673523
9035,8.506485262673523
9036,8.506485262673523
9037,8.506485262673523
9038,8.506485262673523
9039,8.506485262673523
9040,8.506485262673523
9041,8.506485262673523
9042,8.506485262673523
9043,8.506485262673523
9044,8.506485262673523
9045,8.506485262673523
9046,8.506485262673523
9047,8.506485262673523
9048,8.506485262673523
9049,8.506485262673523
9050,8.506485262673523
9051,8.506485262673523
9052,8.506485262673523
9053,8.506485262673523
9054,8.506485262673523
9055,8.506485262673523
9056,8.506485262673523
9057,8.506485262673523
9058,8.506485262673523
9059,8.506485262673523
9060,8.506485262673523
9061,8.506485262673523
9062,8.506485262673523
9063,8.506485262673523
9064,8.506485262673523
9065,8.506485262673523
9066,8.506485262673523
9067,8.506485262673523
9068,8.506485262673523
9069,8.506485262673523
9070,8.506485262673523
9071,8.506485262673523
9072,8.506485262673523
9073,8.506485262673523
9074,8.506485262673523
9075,8.506485262673523
9076,8.506485262673523
9077,8.506485262673523
9078,8.506485262673523
9079,8.506485262673523
9080,8.506485262673523
9081,8.506485262673523
9082,8.506485262673523
9083,8.506485262673523
9084,8.506485262673523
9085,8.506485262673523
9086,8.506485262673523
9087,8.506485262673523
9088,8.506485262673523
9089,8.506485262673523
9090,8.506485262673523
9091,8.506485262673523
9092,8.506485262673523
9093,8.506485262673523
9094,8.506485262673523
9095,8.506485262673523
9096,8.506485262673523
9097,8.506485262673523
9098,8.506485262673523
9099,8.506485262673523
9100,8.506485262673523
9101,8.506485262673523
9102,8.506485262673523
9103,8.506485262673523
9104,8.506485262673523
9105,8.506485262673523
9106,8.506485262673523
9107,8.506485262673523
9108,8.506485262673523
9109,8.506485262673523
9110,8.506485262673523
9111,8.506485262673523
9112,8.506485262673523
9113,8.506485262673523
9114,8.506485262673523
9115,8.506485262673523
9116,8.506485262673523
9117,8.506485262673523
9118,8.506485262673523
9119,8.506485262673523
9120,8.506485262673523
9121,8.506485262673523
9122,8.506485262673523
9123,8.506485262673523
9124,8.506485262673523
9125,8.506485262673523
9126,8.506485262673523
9127,8.506485262673523
9128,8.506485262673523
9129,8.506485262673523
9130,8.506485262673523
9131,8.506485262673523
9132,8.506485262673523
9133,8.506485262673523
9134,8.506485262673523
9135,8.506485262673523
9136,8.506485262673523
9137,8.506485262673523
9138,8.506485262673523
9139,8.506485262673523
9140,8.506485262673523
9141,8.506485262673523
9142,8.506485262673523
9143,8.506485262673523
9144,8.506485262673523
9145,8.506485262673523
9146,8.506485262673523
9147,8.506485262673523
9148,8.506485262673523
9149,8.506485262673523
9150,8.506485262673523
9151,8.506485262673523
9152,8.506485262673523
9153,8.506485262673523
9154,8.506485262673523
9155,8.506485262673523
9156,8.506485262673523
9157,8.506485262673523
9158,8.506485262673523
9159,8.506485262673523
9160,8.506485262673523
9161,8.506485262673523
9162,8.506485262673523
9163,8.506485262673523
9164,8.506485262673523
9165,8.506485262673523
9166,8.506485262673523
9167,8.506485262673523
9168,8.506485262673523
9169,8.506485262673523
9170,8.506485262673523
9171,8.506485262673523
9172,8.506485262673523
9173,8.506485262673523
9174,8.506485262673523
9175,8.506485262673523
9176,8.506485262673523
9177,8.506485262673523
9178,8.506485262673523
9179,8.506485262673523
9180,8.506485262673523
9181,8.506485262673523
9182,8.506485262673523
9183,8.506485262673523
9184,8.506485262673523
9185,8.506485262673523
9186,8.506485262673523
9187,8.506485262673523
9188,8.506485262673523
9189,8.506485262673523
9190,8.506485262673523
9191,8.506485262673523
9192,8.506485262673523
9193,8.506485262673523
9194,8.506485262673523
9195,8.506485262673523
9196,8.506485262673523
9197,8.506485262673523
9198,8.506485262673523
9199,8.506485262673523
9200,8.506485262673523
9201,8.506485262673523
9202,8.506485262673523
9203,8.506485262673523
9204,8.506485262673523
9205,8.506485262673523
9206,8.506485262673523
9207,8.506485262673523
9208,8.506485262673523
9209,8.506485262673523
9210,8.506485262673523
9211,8.506485262673523
9212,8.506485262673523
9213,8.506485262673523
9214,8.506485262673523
9215,8.506485262673523
9216,8.506485262673523
9217,8.506485262673523
9218,8.506485262673523
9219,8.506485262673523
9220,8.506485262673523
9221,8.506485262673523
9222,8.506485262673523
9223,8.506485262673523
9224,8.506485262673523
9225,8.506485262673523
9226,8.506485262673523
9227,8.506485262673523
9228,8.506485262673523
9229,8.506485262673523
9230,8.506485262673523
9231,8.506485262673523
9232,8.506485262673523
9233,8.506485262673523
9234,8.506485262673523
9235,8.506485262673523
9236,8.506485262673523
9237,8.506485262673523
9238,8.506485262673523
9239,8.506485262673523
9240,8.506485262673523
9241,8.506485262673523
9242,8.506485262673523
9243,8.506485262673523
9244,8.506485262673523
9245,8.506485262673523
9246,8.506485262673523
9247,8.506485262673523
9248,8.506485262673523
9249,8.506485262673523
9250,8.506485262673523
9251,8.506485262673523
9252,8.506485262673523
9253,8.506485262673523
9254,8.506485262673523
9255,8.506485262673523
9256,8.506485262673523
9257,8.506485262673523
9258,8.506485262673523
9259,8.506485262673523
9260,8.506485262673523
9261,8.506485262673523
9262,8.506485262673523
9263,8.506485262673523
9264,8.506485262673523
9265,8.506485262673523
9266,8.506485262673523
9267,8.506485262673523
9268,8.506485262673523
9269,8.506485262673523
9270,8.506485262673523
9271,8.506485262673523
9272,8.506485262673523
9273,8.506485262673523
9274,8.506485262673523
9275,8.506485262673523
9276,8.506485262673523
9277,8.506485262673523
9278,8.506485262673523
9279,8.506485262673523
9280,8.506485262673523
9281,8.506485262673523
9282,8.506485262673523
9283,8.506485262673523
9284,8.506485262673523
9285,8.506485262673523
9286,8.506485262673523
9287,8.506485262673523
9288,8.506485262673523
9289,8.506485262673523
9290,8.506485262673523
9291,8.506485262673523
9292,8.506485262673523
9293,8.506485262673523
9294,8.506485262673523
9295,8.506485262673523
9296,8.506485262673523
9297,8.506485262673523
9298,8.506485262673523
9299,8.506485262673523
9300,8.506485262673523
9301,8.506485262673523
9302,8.506485262673523
9303,8.506485262673523
9304,8.506485262673523
9305,8.506485262673523
9306,8.506485262673523
9307,8.506485262673523
9308,8.506485262673523
9309,8.506485262673523
9310,8.506485262673523
9311,8.506485262673523
9312,8.506485262673523
9313,8.506485262673523
9314,8.506485262673523
9315,8.506485262673523
9316,8.506485262673523
9317,8.506485262673523
9318,8.506485262673523
9319,8.506485262673523
9320,8.506485262673523
9321,8.506485262673523
9322,8.506485262673523
9323,8.506485262673523
9324,8.506485262673523
9325,8.506485262673523
9326,8.506485262673523
9327,8.506485262673523
9328,8.506485262673523
9329,8.506485262673523
9330,8.506485262673523
9331,8.506485262673523
9332,8.506485262673523
9333,8.506485262673523
9334,8.506485262673523
9335,8.506485262673523
9336,8.506485262673523
9337,8.506485262673523
9338,8.506485262673523
9339,8.506485262673523
9340,8.506485262673523
9341,8.506485262673523
9342,8.506485262673523
9343,8.506485262673523
9344,8.506485262673523
9345,8.506485262673523
9346,8.506485262673523
9347,8.506485262673523
9348,8.506485262673523
9349,8.506485262673523
9350,8.506485262673523
9351,8.506485262673523
9352,8.506485262673523
9353,8.506485262673523
9354,8.506485262673523
9355,8.506485262673523
9356,8.506485262673523
9357,8.506485262673523
9358,8.506485262673523
9359,8.506485262673523
9360,8.506485262673523
9361,8.506485262673523
9362,8.506485262673523
9363,8.506485262673523
9364,8.506485262673523
9365,8.506485262673523
9366,8.506485262673523
9367,8.506485262673523
9368,8.506485262673523
9369,8.506485262673523
9370,8.506485262673523
9371,8.506485262673523
9372,8.506485262673523
9373,8.506485262673523
9374,8.506485262673523
9375,8.506485262673523
9376,8.506485262673523
9377,8.506485262673523
9378,8.506485262673523
9379,8.506485262673523
9380,8.506485262673523
9381,8.506485262673523
9382,8.506485262673523
9383,8.506485262673523
9384,8.506485262673523
9385,8.506485262673523
9386,8.506485262673523
9387,8.506485262673523
9388,8.506485262673523
9389,8.506485262673523
9390,8.506485262673523
9391,8.506485262673523
9392,8.506485262673523
9393,8.506485262673523
9394,8.506485262673523
9395,8.506485262673523
9396,8.506485262673523
9397,8.506485262673523
9398,8.506485262673523
9399,8.506485262673523
9400,8.506485262673523
9401,8.506485262673523
9402,8.506485262673523
9403,8.506485262673523
9404,8.506485262673523
9405,8.506485262673523
9406,8.506485262673523
9407,8.506485262673523
9408,8.506485262673523
9409,8.506485262673523
9410,8.506485262673523
9411,8.506485262673523
9412,8.506485262673523
9413,8.506485262673523
9414,8.506485262673523
9415,8.506485262673523
9416,8.506485262673523
9417,8.506485262673523
9418,8.506485262673523
9419,8.506485262673523
9420,8.506485262673523
9421,8.506485262673523
9422,8.506485262673523
9423,8.506485262673523
9424,8.506485262673523
9425,8.506485262673523
9426,8.506485262673523
9427,8.506485262673523
9428,8.506485262673523
9429,8.506485262673523
9430,8.506485262673523
9431,8.506485262673523
9432,8.506485262673523
9433,8.506485262673523
9434,8.506485262673523
9435,8.506485262673523
9436,8.506485262673523
9437,8.506485262673523
9438,8.506485262673523
9439,8.506485262673523
9440,8.506485262673523
9441,8.506485262673523
9442,8.506485262673523
9443,8.506485262673523
9444,8.506485262673523
9445,8.506485262673523
9446,8.506485262673523
9447,8.506485262673523
9448,8.506485262673523
9449,8.506485262673523
9450,8.506485262673523
9451,8.506485262673523
9452,8.506485262673523
9453,8.506485262673523
9454,8.506485262673523
9455,8.506485262673523
9456,8.506485262673523
9457,8.506485262673523
9458,8.506485262673523
9459,8.506485262673523
9460,8.506485262673523
9461,8.506485262673523
9462,8.506485262673523
9463,8.506485262673523
9464,8.506485262673523
9465,8.506485262673523
9466,8.506485262673523
9467,8.506485262673523
9468,8.506485262673523
9469,8.506485262673523
9470,8.506485262673523
9471,8.506485262673523
9472,8.506485262673523
9473,8.506485262673523
9474,8.506485262673523
9475,8.506485262673523
9476,8.506485262673523
9477,8.506485262673523
9478,8.506485262673523
9479,8.506485262673523
9480,8.506485262673523
9481,8.506485262673523
9482,8.506485262673523
9483,8.506485262673523
9484,8.506485262673523
9485,8.506485262673523
9486,8.506485262673523
9487,8.506485262673523
9488,8.506485262673523
9489,8.506485262673523
9490,8.506485262673523
9491,8.506485262673523
9492,8.506485262673523
9493,8.506485262673523
9494,8.506485262673523
9495,8.506485262673523
9496,8.506485262673523
9497,8.506485262673523
9498,8.506485262673523
9499,8.506485262673523
9500,8.506485262673523
9501,8.506485262673523
9502,8.506485262673523
9503,8.506485262673523
9504,8.506485262673523
9505,8.506485262673523
9506,8.506485262673523
9507,8.506485262673523
9508,8.506485262673523
9509,8.506485262673523
9510,8.506485262673523
9511,8.506485262673523
9512,8.506485262673523
9513,8.506485262673523
9514,8.506485262673523
9515,8.506485262673523
9516,8.506485262673523
9517,8.506485262673523
9518,8.506485262673523
9519,8.506485262673523
9520,8.506485262673523
9521,8.506485262673523
9522,8.506485262673523
9523,8.506485262673523
9524,8.506485262673523
9525,8.506485262673523
9526,8.506485262673523
9527,8.506485262673523
9528,8.506485262673523
9529,8.506485262673523
9530,8.506485262673523
9531,8.506485262673523
9532,8.506485262673523
9533,8.506485262673523
9534,8.506485262673523
9535,8.506485262673523
9536,8.506485262673523
9537,8.506485262673523
9538,8.506485262673523
9539,8.506485262673523
9540,8.506485262673523
9541,8.506485262673523
9542,8.506485262673523
9543,8.506485262673523
9544,8.506485262673523
9545,8.506485262673523
9546,8.506485262673523
9547,8.506485262673523
9548,8.506485262673523
9549,8.506485262673523
9550,8.506485262673523
9551,8.506485262673523
9552,8.506485262673523
9553,8.506485262673523
9554,8.506485262673523
9555,8.506485262673523
9556,8.506485262673523
9557,8.506485262673523
9558,8.506485262673523
9559,8.506485262673523
9560,8.506485262673523
9561,8.506485262673523
9562,8.506485262673523
9563,8.506485262673523
9564,8.506485262673523
9565,8.506485262673523
9566,8.506485262673523
9567,8.506485262673523
9568,8.506485262673523
9569,8.506485262673523
9570,8.506485262673523
9571,8.506485262673523
9572,8.506485262673523
9573,8.506485262673523
9574,8.506485262673523
9575,8.506485262673523
9576,8.506485262673523
9577,8.506485262673523
9578,8.506485262673523
9579,8.506485262673523
9580,8.506485262673523
9581,8.506485262673523
9582,8.506485262673523
9583,8.506485262673523
9584,8.506485262673523
9585,8.506485262673523
9586,8.506485262673523
9587,8.506485262673523
9588,8.506485262673523
9589,8.506485262673523
9590,8.506485262673523
9591,8.506485262673523
9592,8.506485262673523
9593,8.506485262673523
9594,8.506485262673523
9595,8.506485262673523
9596,8.506485262673523
9597,8.506485262673523
9598,8.506485262673523
9599,8.506485262673523
9600,8.506485262673523
9601,8.506485262673523
9602,8.506485262673523
9603,8.506485262673523
9604,8.506485262673523
9605,8.506485262673523
9606,8.506485262673523
9607,8.506485262673523
9608,8.506485262673523
9609,8.506485262673523
9610,8.506485262673523
9611,8.506485262673523
9612,8.506485262673523
9613,8.506485262673523
9614,8.506485262673523
9615,8.506485262673523
9616,8.506485262673523
9617,8.506485262673523
9618,8.506485262673523
9619,8.506485262673523
9620,8.506485262673523
9621,8.506485262673523
9622,8.506485262673523
9623,8.506485262673523
9624,8.506485262673523
9625,8.506485262673523
9626,8.506485262673523
9627,8.506485262673523
9628,8.506485262673523
9629,8.506485262673523
9630,8.506485262673523
9631,8.506485262673523
9632,8.506485262673523
9633,8.506485262673523
9634,8.506485262673523
9635,8.506485262673523
9636,8.506485262673523
9637,8.506485262673523
9638,8.506485262673523
9639,8.506485262673523
9640,8.506485262673523
9641,8.506485262673523
9642,8.506485262673523
9643,8.506485262673523
9644,8.506485262673523
9645,8.506485262673523
9646,8.506485262673523
9647,8.506485262673523
9648,8.506485262673523
9649,8.506485262673523
9650,8.506485262673523
9651,8.506485262673523
9652,8.506485262673523
9653,8.506485262673523
9654,8.506485262673523
9655,8.506485262673523
9656,8.506485262673523
9657,8.506485262673523
9658,8.506485262673523
9659,8.506485262673523
9660,8.506485262673523
9661,8.506485262673523
9662,8.506485262673523
9663,8.506485262673523
9664,8.506485262673523
9665,8.506485262673523
9666,8.506485262673523
9667,8.506485262673523
9668,8.506485262673523
9669,8.506485262673523
9670,8.506485262673523
9671,8.506485262673523
9672,8.506485262673523
9673,8.506485262673523
9674,8.506485262673523
9675,8.506485262673523
9676,8.506485262673523
9677,8.506485262673523
9678,8.506485262673523
9679,8.506485262673523
9680,8.506485262673523
9681,8.506485262673523
9682,8.506485262673523
9683,8.506485262673523
9684,8.506485262673523
9685,8.506485262673523
9686,8.506485262673523
9687,8.506485262673523
9688,8.506485262673523
9689,8.506485262673523
9690,8.506485262673523
9691,8.506485262673523
9692,8.506485262673523
9693,8.506485262673523
9694,8.506485262673523
9695,8.506485262673523
9696,8.506485262673523
9697,8.506485262673523
9698,8.506485262673523
9699,8.506485262673523
9700,8.506485262673523
9701,8.506485262673523
9702,8.506485262673523
9703,8.506485262673523
9704,8.506485262673523
9705,8.506485262673523
9706,8.506485262673523
9707,8.506485262673523
9708,8.506485262673523
9709,8.506485262673523
9710,8.506485262673523
9711,8.506485262673523
9712,8.506485262673523
9713,8.506485262673523
9714,8.506485262673523
9715,8.506485262673523
9716,8.506485262673523
9717,8.506485262673523
9718,8.506485262673523
9719,8.506485262673523
9720,8.506485262673523
9721,8.506485262673523
9722,8.506485262673523
9723,8.506485262673523
9724,8.506485262673523
9725,8.506485262673523
9726,8.506485262673523
9727,8.506485262673523
9728,8.506485262673523
9729,8.506485262673523
9730,8.506485262673523
9731,8.506485262673523
9732,8.506485262673523
9733,8.506485262673523
9734,8.506485262673523
9735,8.506485262673523
9736,8.506485262673523
9737,8.506485262673523
9738,8.506485262673523
9739,8.506485262673523
9740,8.506485262673523
9741,8.506485262673523
9742,8.506485262673523
9743,8.506485262673523
9744,8.506485262673523
9745,8.506485262673523
9746,8.506485262673523
9747,8.506485262673523
9748,8.506485262673523
9749,8.506485262673523
9750,8.506485262673523
9751,8.506485262673523
9752,8.506485262673523
9753,8.506485262673523
9754,8.506485262673523
9755,8.506485262673523
9756,8.506485262673523
9757,8.506485262673523
9758,8.506485262673523
9759,8.506485262673523
9760,8.506485262673523
9761,8.506485262673523
9762,8.506485262673523
9763,8.506485262673523
9764,8.506485262673523
9765,8.506485262673523
9766,8.506485262673523
9767,8.506485262673523
9768,8.506485262673523
9769,8.506485262673523
9770,8.506485262673523
9771,8.506485262673523
9772,8.506485262673523
9773,8.506485262673523
9774,8.506485262673523
9775,8.506485262673523
9776,8.506485262673523
9777,8.506485262673523
9778,8.506485262673523
9779,8.506485262673523
9780,8.506485262673523
9781,8.506485262673523
9782,8.506485262673523
9783,8.506485262673523
9784,8.506485262673523
9785,8.506485262673523
9786,8.506485262673523
9787,8.506485262673523
9788,8.506485262673523
9789,8.506485262673523
9790,8.506485262673523
9791,8.506485262673523
9792,8.506485262673523
9793,8.506485262673523
9794,8.506485262673523
9795,8.506485262673523
9796,8.506485262673523
9797,8.506485262673523
9798,8.506485262673523
9799,8.506485262673523
9800,8.506485262673523
9801,8.506485262673523
9802,8.506485262673523
9803,8.506485262673523
9804,8.506485262673523
9805,8.506485262673523
9806,8.506485262673523
9807,8.506485262673523
9808,8.506485262673523
9809,8.506485262673523
9810,8.506485262673523
9811,8.506485262673523
9812,8.506485262673523
9813,8.506485262673523
9814,8.506485262673523
9815,8.506485262673523
9816,8.506485262673523
9817,8.506485262673523
9818,8.506485262673523
9819,8.506485262673523
9820,8.506485262673523
9821,8.506485262673523
9822,8.506485262673523
9823,8.506485262673523
9824,8.506485262673523
9825,8.506485262673523
9826,8.506485262673523
9827,8.506485262673523
9828,8.506485262673523
9829,8.506485262673523
9830,8.506485262673523
9831,8.506485262673523
9832,8.506485262673523
9833,8.506485262673523
9834,8.506485262673523
9835,8.506485262673523
9836,8.506485262673523
9837,8.506485262673523
9838,8.506485262673523
9839,8.506485262673523
9840,8.506485262673523
9841,8.506485262673523
9842,8.506485262673523
9843,8.506485262673523
9844,8.506485262673523
9845,8.506485262673523
9846,8.506485262673523
9847,8.506485262673523
9848,8.506485262673523
9849,8.506485262673523
9850,8.506485262673523
9851,8.506485262673523
9852,8.506485262673523
9853,8.506485262673523
9854,8.506485262673523
9855,8.506485262673523
9856,8.506485262673523
9857,8.506485262673523
9858,8.506485262673523
9859,8.506485262673523
9860,8.506485262673523
9861,8.506485262673523
9862,8.506485262673523
9863,8.506485262673523
9864,8.506485262673523
9865,8.506485262673523
9866,8.506485262673523
9867,8.506485262673523
9868,8.506485262673523
9869,8.506485262673523
9870,8.506485262673523
9871,8.506485262673523
9872,8.506485262673523
9873,8.506485262673523
9874,8.506485262673523
9875,8.506485262673523
9876,8.506485262673523
9877,8.506485262673523
9878,8.506485262673523
9879,8.506485262673523
9880,8.506485262673523
9881,8.506485262673523
9882,8.506485262673523
9883,8.506485262673523
9884,8.506485262673523
9885,8.506485262673523
9886,8.506485262673523
9887,8.506485262673523
9888,8.506485262673523
9889,8.506485262673523
9890,8.506485262673523
9891,8.506485262673523
9892,8.506485262673523
9893,8.506485262673523
9894,8.506485262673523
9895,8.506485262673523
9896,8.506485262673523
9897,8.506485262673523
9898,8.506485262673523
9899,8.506485262673523
9900,8.506485262673523
9901,8.506485262673523
9902,8.506485262673523
9903,8.506485262673523
9904,8.506485262673523
9905,8.506485262673523
9906,8.506485262673523
9907,8.506485262673523
9908,8.506485262673523
9909,8.506485262673523
9910,8.506485262673523
9911,8.506485262673523
9912,8.506485262673523
9913,8.506485262673523
9914,8.506485262673523
9915,8.506485262673523
9916,8.506485262673523
9917,8.506485262673523
9918,8.506485262673523
9919,8.506485262673523
9920,8.506485262673523
9921,8.506485262673523
9922,8.506485262673523
9923,8.506485262673523
9924,8.506485262673523
9925,8.506485262673523
9926,8.506485262673523
9927,8.506485262673523
9928,8.506485262673523
9929,8.506485262673523
9930,8.506485262673523
9931,8.506485262673523
9932,8.506485262673523
9933,8.506485262673523
9934,8.506485262673523
9935,8.506485262673523
9936,8.506485262673523
9937,8.506485262673523
9938,8.506485262673523
9939,8.506485262673523
9940,8.506485262673523
9941,8.506485262673523
9942,8.506485262673523
9943,8.506485262673523
9944,8.506485262673523
9945,8.506485262673523
9946,8.506485262673523
9947,8.506485262673523
9948,8.506485262673523
9949,8.506485262673523
9950,8.506485262673523
9951,8.506485262673523
9952,8.506485262673523
9953,8.506485262673523
9954,8.506485262673523
9955,8.506485262673523
9956,8.506485262673523
9957,8.506485262673523
9958,8.506485262673523
9959,8.506485262673523
9960,8.506485262673523
9961,8.506485262673523
9962,8.506485262673523
9963,8.506485262673523
9964,8.506485262673523
9965,8.506485262673523
9966,8.506485262673523
9967,8.506485262673523
9968,8.506485262673523
9969,8.506485262673523
9970,8.506485262673523
9971,8.506485262673523
9972,8.506485262673523
9973,8.506485262673523
9974,8.506485262673523
9975,8.506485262673523
9976,8.506485262673523
9977,8.506485262673523
9978,8.506485262673523
9979,8.506485262673523
9980,8.506485262673523
9981,8.506485262673523
9982,8.506485262673523
9983,8.506485262673523
9984,8.506485262673523
9985,8.506485262673523
9986,8.506485262673523
9987,8.506485262673523
9988,8.506485262673523
9989,8.506485262673523
9990,8.506485262673523
9991,8.506485262673523
9992,8.506485262673523
9993,8.506485262673523
9994,8.506485262673523
9995,8.506485262673523
9996,8.506485262673523
9997,8.506485262673523
9998,8.506485262673523
9999,8.506485262673523
10000,8.506485262673523
