generation,min_fitness
1,44.28844041794946
2,43.648944444624284
3,42.98337272138383
4,42.3222189952737
5,41.653199557986575
6,41.00029009648718
7,40.35446930711615
8,38.405141840856835
9,38.405141840856835
10,38.405141840856835
11,38.405141840856835
12,38.405141840856835
13,38.14847751145919
14,38.14847751145919
15,38.14847751145919
16,37.90167653937596
17,37.90167653937596
18,37.00381149472491
19,37.00381149472491
20,36.87731386124863
21,36.87731386124863
22,36.6644935650588
23,36.6644935650588
24,36.6644935650588
25,36.288610677419754
26,36.288610677419754
27,36.288610677419754
28,36.288610677419754
29,36.288610677419754
30,36.288610677419754
31,36.288610677419754
32,36.288610677419754
33,36.288610677419754
34,36.288610677419754
35,36.288610677419754
36,36.288610677419754
37,36.288610677419754
38,36.288610677419754
39,36.288610677419754
40,36.288610677419754
41,36.288610677419754
42,36.288610677419754
43,36.288610677419754
44,36.288610677419754
45,36.062892160823
46,35.847952519191324
47,35.847952519191324
48,35.847952519191324
49,35.847952519191324
50,35.847952519191324
51,35.847952519191324
52,35.847952519191324
53,35.847952519191324
54,35.847952519191324
55,35.847952519191324
56,35.847952519191324
57,35.847952519191324
58,35.847952519191324
59,35.847952519191324
60,35.847952519191324
61,35.847952519191324
62,35.847952519191324
63,35.847952519191324
64,35.847952519191324
65,35.847952519191324
66,35.847952519191324
67,35.847952519191324
68,35.847952519191324
69,35.724622053047504
70,35.70570148253544
71,35.45004384663764
72,35.27676862819992
73,35.23341008761292
74,34.699746811963344
75,34.54474756401227
76,33.67020409725926
77,33.447132600260254
78,33.447132600260254
79,33.256158310225935
80,32.96851706909183
81,31.89266155081821
82,31.722771171451054
83,31.647410607761277
84,31.51934717004457
85,31.343836234835166
86,31.110980682523216
87,31.110980682523216
88,31.064891874316963
89,30.64111787559034
90,30.486137709283934
91,29.7207925822954
92,29.7207925822954
93,29.7207925822954
94,29.7207925822954
95,29.7207925822954
96,29.7207925822954
97,29.7207925822954
98,29.386604885544074
99,29.386604885544074
100,29.386604885544074
101,29.386604885544074
102,29.14682624280555
103,28.789598345009946
104,28.789598345009946
105,28.789598345009946
106,28.227982989203625
107,28.227982989203625
108,28.21602295523011
109,28.21602295523011
110,28.200272515122652
111,28.200272515122652
112,28.200272515122652
113,28.200272515122652
114,28.200272515122652
115,28.200272515122652
116,28.200272515122652
117,28.200272515122652
118,28.197406918993458
119,28.197406918993458
120,28.17435158854194
121,28.16165299111523
122,28.16165299111523
123,28.039739591566292
124,28.002771356531056
125,27.81334609996287
126,27.654464465378698
127,27.654464465378698
128,27.654464465378698
129,27.654464465378698
130,27.654464465378698
131,27.654464465378698
132,27.654464465378698
133,27.654464465378698
134,27.654464465378698
135,27.654464465378698
136,27.654464465378698
137,27.654464465378698
138,27.654464465378698
139,27.654464465378698
140,27.654464465378698
141,27.654464465378698
142,27.654464465378698
143,27.654464465378698
144,27.654464465378698
145,27.654464465378698
146,27.654464465378698
147,27.654464465378698
148,27.654464465378698
149,27.654464465378698
150,27.654464465378698
151,27.654464465378698
152,27.654464465378698
153,27.654464465378698
154,27.654464465378698
155,27.654464465378698
156,27.475010704045527
157,27.475010704045527
158,27.43517209436585
159,27.43517209436585
160,27.43517209436585
161,27.43517209436585
162,27.23311444676985
163,27.23311444676985
164,27.23311444676985
165,27.23311444676985
166,27.23311444676985
167,27.23311444676985
168,27.23311444676985
169,27.23311444676985
170,27.23311444676985
171,27.23311444676985
172,27.23311444676985
173,27.23311444676985
174,27.103423204307237
175,27.103423204307237
176,26.96073603853817
177,26.96073603853817
178,26.96073603853817
179,26.96073603853817
180,26.902213275442023
181,26.902213275442023
182,26.738730201028247
183,26.738730201028247
184,26.410463654907804
185,26.410463654907804
186,26.219951133140555
187,26.219951133140555
188,26.219951133140555
189,26.219951133140555
190,26.219951133140555
191,26.219951133140555
192,26.219951133140555
193,26.219951133140555
194,26.219951133140555
195,26.219951133140555
196,26.219951133140555
197,26.219951133140555
198,26.219951133140555
199,26.219951133140555
200,26.219951133140555
201,26.219951133140555
202,26.219951133140555
203,26.219951133140555
204,26.219951133140555
205,26.219951133140555
206,26.219951133140555
207,26.219951133140555
208,26.219951133140555
209,26.219951133140555
210,26.219951133140555
211,26.219951133140555
212,26.219951133140555
213,26.219951133140555
214,26.219951133140555
215,26.219951133140555
216,26.219951133140555
217,26.219951133140555
218,26.219951133140555
219,26.219951133140555
220,26.219951133140555
221,26.219951133140555
222,26.219951133140555
223,26.219951133140555
224,26.03523988153654
225,26.03523988153654
226,26.03523988153654
227,26.03523988153654
228,26.03523988153654
229,26.03523988153654
230,26.03523988153654
231,26.03523988153654
232,26.03523988153654
233,26.03523988153654
234,26.03523988153654
235,26.03523988153654
236,26.03523988153654
237,26.03523988153654
238,26.03523988153654
239,26.03523988153654
240,26.03523988153654
241,26.03523988153654
242,26.03523988153654
243,25.757150483293213
244,25.72086099712463
245,25.72086099712463
246,25.72086099712463
247,25.72086099712463
248,25.72086099712463
249,25.72086099712463
250,25.72086099712463
251,25.705293656028857
252,25.705293656028857
253,25.705293656028857
254,25.705293656028857
255,25.705293656028857
256,25.705293656028857
257,25.318006124529166
258,25.318006124529166
259,25.318006124529166
260,25.196969353391918
261,25.189763087417994
262,24.996790551096485
263,24.996790551096485
264,24.99529794824396
265,24.832249443987223
266,24.830756841134697
267,24.830756841134697
268,24.830756841134697
269,24.830756841134697
270,24.79615234668869
271,24.79615234668869
272,24.77363690245698
273,24.718939682113426
274,24.718939682113426
275,24.69642423788172
276,24.69642423788172
277,24.683247138693062
278,24.683247138693062
279,24.683247138693062
280,24.683247138693062
281,24.683247138693062
282,24.683247138693062
283,24.683247138693062
284,24.683247138693062
285,24.683247138693062
286,24.683247138693062
287,24.361226953530736
288,24.361226953530736
289,24.361226953530736
290,24.361226953530736
291,24.053773320286062
292,24.053773320286062
293,24.053773320286062
294,24.053773320286062
295,24.053773320286062
296,24.053773320286062
297,24.053773320286062
298,24.053773320286062
299,24.01160185288862
300,24.01160185288862
301,23.869377942842654
302,23.827206475445212
303,23.827206475445212
304,23.827206475445212
305,23.827206475445212
306,23.827206475445212
307,23.827206475445212
308,23.827206475445212
309,23.827206475445212
310,23.827206475445212
311,23.827206475445212
312,23.827206475445212
313,23.781876210174037
314,23.781876210174037
315,23.781876210174037
316,23.781876210174037
317,23.781876210174037
318,23.781876210174037
319,23.781876210174037
320,23.781876210174037
321,23.781876210174037
322,23.781876210174037
323,23.781876210174037
324,23.781876210174037
325,23.781876210174037
326,23.781876210174037
327,23.781876210174037
328,23.781876210174037
329,23.781876210174037
330,23.781876210174037
331,23.781876210174037
332,23.73705622641989
333,23.73705622641989
334,23.73705622641989
335,23.73705622641989
336,23.73705622641989
337,23.73705622641989
338,23.73705622641989
339,23.73705622641989
340,23.73705622641989
341,23.73705622641989
342,23.73705622641989
343,23.73705622641989
344,23.73705622641989
345,23.73705622641989
346,23.73705622641989
347,23.73705622641989
348,23.73705622641989
349,23.73705622641989
350,23.73705622641989
351,23.73705622641989
352,23.73705622641989
353,23.73705622641989
354,23.73705622641989
355,23.73705622641989
356,23.73705622641989
357,23.73705622641989
358,23.73705622641989
359,23.73705622641989
360,23.73705622641989
361,23.73705622641989
362,23.73705622641989
363,23.73705622641989
364,23.73705622641989
365,23.73705622641989
366,23.73705622641989
367,23.73705622641989
368,23.73705622641989
369,23.73705622641989
370,23.73705622641989
371,23.73705622641989
372,23.73705622641989
373,23.73705622641989
374,23.73705622641989
375,23.73705622641989
376,23.73705622641989
377,23.73705622641989
378,23.73705622641989
379,23.73705622641989
380,23.73705622641989
381,23.73705622641989
382,23.73705622641989
383,23.5982568524203
384,23.5982568524203
385,23.5982568524203
386,23.5982568524203
387,23.5982568524203
388,23.5982568524203
389,23.513369690843604
390,23.513369690843604
391,23.513369690843604
392,23.513369690843604
393,23.513369690843604
394,23.513369690843604
395,23.513369690843604
396,23.424390722402258
397,23.424390722402258
398,23.424390722402258
399,23.424390722402258
400,23.424390722402258
401,23.379196584672794
402,23.379196584672794
403,23.379196584672794
404,23.379196584672794
405,23.379196584672794
406,23.379196584672794
407,23.379196584672794
408,23.379196584672794
409,23.362725226969214
410,23.362725226969214
411,23.362725226969214
412,23.3030253371893
413,23.3030253371893
414,23.3030253371893
415,23.3030253371893
416,23.3030253371893
417,23.3030253371893
418,23.3030253371893
419,23.3030253371893
420,23.271118467386163
421,23.271118467386163
422,23.271118467386163
423,23.271118467386163
424,23.271118467386163
425,23.271118467386163
426,23.271118467386163
427,23.271118467386163
428,23.271118467386163
429,23.179827686167986
430,23.179827686167986
431,23.179827686167986
432,23.113582193630027
433,23.113582193630027
434,23.113582193630027
435,23.113582193630027
436,23.113582193630027
437,23.113582193630027
438,23.113582193630027
439,23.113582193630027
440,23.113582193630027
441,23.113582193630027
442,23.113582193630027
443,23.113582193630027
444,23.113582193630027
445,22.578792588633878
446,22.578792588633878
447,22.578792588633878
448,22.578792588633878
449,22.578792588633878
450,22.578792588633878
451,22.52102727937655
452,22.52102727937655
453,22.496888760077546
454,22.376084831202387
455,22.376084831202387
456,22.376084831202387
457,22.376084831202387
458,22.376084831202387
459,22.376084831202387
460,22.376084831202387
461,22.376084831202387
462,22.376084831202387
463,22.376084831202387
464,22.376084831202387
465,22.376084831202387
466,22.376084831202387
467,22.376084831202387
468,22.376084831202387
469,22.376084831202387
470,22.376084831202387
471,22.376084831202387
472,22.376084831202387
473,22.376084831202387
474,22.376084831202387
475,22.376084831202387
476,22.376084831202387
477,22.376084831202387
478,22.376084831202387
479,22.376084831202387
480,22.376084831202387
481,22.376084831202387
482,22.376084831202387
483,22.376084831202387
484,22.376084831202387
485,22.376084831202387
486,22.376084831202387
487,22.376084831202387
488,22.376084831202387
489,22.376084831202387
490,22.376084831202387
491,22.209067667357612
492,21.978338471008968
493,21.978338471008968
494,21.767157205389445
495,21.767157205389445
496,21.766496706550807
497,21.766496706550807
498,21.766496706550807
499,21.766496706550807
500,21.766496706550807
501,21.766496706550807
502,21.766496706550807
503,21.766496706550807
504,21.766496706550807
505,21.766496706550807
506,21.766496706550807
507,21.766496706550807
508,21.766496706550807
509,21.766496706550807
510,21.766496706550807
511,21.766496706550807
512,21.766496706550807
513,21.766496706550807
514,21.766496706550807
515,21.766496706550807
516,21.766496706550807
517,21.766496706550807
518,21.766496706550807
519,21.766496706550807
520,21.766496706550807
521,21.766496706550807
522,21.766496706550807
523,21.766496706550807
524,21.67796632615253
525,21.67796632615253
526,21.424252336775606
527,21.424252336775606
528,21.424252336775606
529,21.424252336775606
530,21.424252336775606
531,21.424252336775606
532,21.424252336775606
533,21.424252336775606
534,21.424252336775606
535,21.424252336775606
536,21.424252336775606
537,21.424252336775606
538,21.424252336775606
539,21.424252336775606
540,21.424252336775606
541,21.424252336775606
542,21.424252336775606
543,21.424252336775606
544,21.424252336775606
545,21.424252336775606
546,21.424252336775606
547,21.424252336775606
548,21.424252336775606
549,21.424252336775606
550,21.424252336775606
551,21.424252336775606
552,21.424252336775606
553,21.424252336775606
554,21.424252336775606
555,21.424252336775606
556,21.424252336775606
557,21.424252336775606
558,21.424252336775606
559,21.424252336775606
560,21.311355162769054
561,21.311355162769054
562,21.311355162769054
563,21.311355162769054
564,21.311355162769054
565,21.311355162769054
566,21.311355162769054
567,21.311355162769054
568,21.311355162769054
569,21.311355162769054
570,20.792394288302688
571,20.792394288302688
572,20.481697064433448
573,20.473969911571686
574,20.473969911571686
575,20.473969911571686
576,20.473969911571686
577,20.473969911571686
578,20.473969911571686
579,20.473969911571686
580,20.473969911571686
581,20.473969911571686
582,20.473969911571686
583,20.473969911571686
584,20.473969911571686
585,20.473969911571686
586,20.473969911571686
587,20.473969911571686
588,20.473969911571686
589,20.473969911571686
590,20.473969911571686
591,20.473969911571686
592,20.473969911571686
593,20.473969911571686
594,20.473969911571686
595,20.473969911571686
596,20.473969911571686
597,20.473969911571686
598,20.473969911571686
599,20.473969911571686
600,20.473969911571686
601,20.473969911571686
602,20.473969911571686
603,20.473969911571686
604,20.473969911571686
605,20.473969911571686
606,20.473969911571686
607,20.473969911571686
608,20.473969911571686
609,20.473969911571686
610,20.473969911571686
611,20.473969911571686
612,20.473969911571686
613,20.473969911571686
614,20.473969911571686
615,20.473969911571686
616,20.473969911571686
617,20.473969911571686
618,20.473969911571686
619,20.473969911571686
620,20.473969911571686
621,20.473969911571686
622,20.473969911571686
623,20.473969911571686
624,20.473969911571686
625,20.473969911571686
626,20.473969911571686
627,20.473969911571686
628,20.473969911571686
629,20.473969911571686
630,20.473969911571686
631,20.473969911571686
632,20.473969911571686
633,20.473969911571686
634,20.473969911571686
635,20.473969911571686
636,20.473969911571686
637,20.473969911571686
638,20.473969911571686
639,20.473969911571686
640,20.473969911571686
641,20.473969911571686
642,20.473969911571686
643,20.473969911571686
644,20.473969911571686
645,20.473969911571686
646,20.473969911571686
647,20.473969911571686
648,20.473969911571686
649,20.473969911571686
650,20.473969911571686
651,20.473969911571686
652,20.473969911571686
653,20.473969911571686
654,20.403275186665418
655,20.403275186665418
656,20.403275186665418
657,20.403275186665418
658,20.403275186665418
659,20.403275186665418
660,20.403275186665418
661,20.403275186665418
662,20.403275186665418
663,20.403275186665418
664,20.403275186665418
665,20.403275186665418
666,20.403275186665418
667,20.403275186665418
668,20.403275186665418
669,20.403275186665418
670,20.403275186665418
671,20.403275186665418
672,20.403275186665418
673,20.403275186665418
674,20.403275186665418
675,20.403275186665418
676,20.403275186665418
677,20.403275186665418
678,20.403275186665418
679,20.403275186665418
680,20.403275186665418
681,20.403275186665418
682,20.403275186665418
683,20.403275186665418
684,20.403275186665418
685,20.403275186665418
686,20.403275186665418
687,20.403275186665418
688,20.403275186665418
689,20.403275186665418
690,20.403275186665418
691,20.403275186665418
692,20.403275186665418
693,20.403275186665418
694,20.403275186665418
695,20.403275186665418
696,20.403275186665418
697,20.403275186665418
698,20.403275186665418
699,20.32725853950633
700,20.32725853950633
701,20.32725853950633
702,20.32725853950633
703,20.32725853950633
704,20.32725853950633
705,20.32725853950633
706,20.32725853950633
707,20.32725853950633
708,20.32725853950633
709,20.32725853950633
710,20.32725853950633
711,20.32725853950633
712,20.32725853950633
713,20.32725853950633
714,20.32725853950633
715,20.32725853950633
716,20.32725853950633
717,20.32725853950633
718,20.32725853950633
719,20.32725853950633
720,20.32725853950633
721,20.32725853950633
722,20.32725853950633
723,20.32725853950633
724,20.32725853950633
725,20.32725853950633
726,20.32725853950633
727,20.32725853950633
728,20.32725853950633
729,20.32725853950633
730,20.32725853950633
731,20.32725853950633
732,20.32725853950633
733,19.90073025882476
734,19.90073025882476
735,19.90073025882476
736,19.90073025882476
737,19.90073025882476
738,19.90073025882476
739,19.90073025882476
740,19.90073025882476
741,19.90073025882476
742,19.90073025882476
743,19.90073025882476
744,19.90073025882476
745,19.90073025882476
746,19.90073025882476
747,19.90073025882476
748,19.90073025882476
749,19.90073025882476
750,19.90073025882476
751,19.90073025882476
752,19.90073025882476
753,19.90073025882476
754,19.90073025882476
755,19.90073025882476
756,19.90073025882476
757,19.90073025882476
758,19.90073025882476
759,19.90073025882476
760,19.90073025882476
761,19.90073025882476
762,19.90073025882476
763,19.90073025882476
764,19.90073025882476
765,19.90073025882476
766,19.90073025882476
767,19.90073025882476
768,19.90073025882476
769,19.90073025882476
770,19.90073025882476
771,19.90073025882476
772,19.87685961365606
773,19.87685961365606
774,19.87685961365606
775,19.87685961365606
776,19.87685961365606
777,19.87685961365606
778,19.87685961365606
779,19.87685961365606
780,19.87685961365606
781,19.87685961365606
782,19.87685961365606
783,19.87685961365606
784,19.87685961365606
785,19.87685961365606
786,19.87685961365606
787,19.87685961365606
788,19.87685961365606
789,19.87685961365606
790,19.87685961365606
791,19.87685961365606
792,19.87685961365606
793,19.87685961365606
794,19.87685961365606
795,19.87685961365606
796,19.865287252684844
797,19.865287252684844
798,19.865287252684844
799,19.865287252684844
800,19.865287252684844
801,19.865287252684844
802,19.77447667237137
803,19.77447667237137
804,19.77447667237137
805,19.77447667237137
806,19.77447667237137
807,19.77447667237137
808,19.77447667237137
809,19.77447667237137
810,19.75165093672172
811,19.75165093672172
812,19.75165093672172
813,19.75165093672172
814,19.75165093672172
815,19.75165093672172
816,19.63850037865063
817,19.63850037865063
818,19.63100356165546
819,19.63100356165546
820,19.63100356165546
821,19.63100356165546
822,19.63100356165546
823,19.63100356165546
824,19.63100356165546
825,19.63100356165546
826,19.63100356165546
827,19.63100356165546
828,19.63100356165546
829,19.63100356165546
830,19.63100356165546
831,19.63100356165546
832,19.63100356165546
833,19.63100356165546
834,19.63100356165546
835,19.63100356165546
836,19.63100356165546
837,19.63100356165546
838,19.63100356165546
839,19.63100356165546
840,19.63100356165546
841,19.63100356165546
842,19.63100356165546
843,19.63100356165546
844,19.63100356165546
845,19.63100356165546
846,19.63100356165546
847,19.63100356165546
848,19.63100356165546
849,19.63100356165546
850,19.63100356165546
851,19.63100356165546
852,19.63100356165546
853,19.63100356165546
854,19.63100356165546
855,19.63100356165546
856,19.63100356165546
857,19.63100356165546
858,19.63100356165546
859,19.63100356165546
860,19.63100356165546
861,19.63100356165546
862,19.63100356165546
863,19.63100356165546
864,19.63100356165546
865,19.63100356165546
866,19.63100356165546
867,19.63100356165546
868,19.63100356165546
869,19.63100356165546
870,19.63100356165546
871,19.63100356165546
872,19.63100356165546
873,19.63100356165546
874,19.63100356165546
875,19.63100356165546
876,19.63100356165546
877,19.63100356165546
878,19.63100356165546
879,19.63100356165546
880,19.63100356165546
881,19.63100356165546
882,19.63100356165546
883,19.63100356165546
884,19.63100356165546
885,19.63100356165546
886,19.63100356165546
887,19.63100356165546
888,19.63100356165546
889,19.63100356165546
890,19.63100356165546
891,19.63100356165546
892,19.63100356165546
893,19.63100356165546
894,19.63100356165546
895,19.63100356165546
896,19.63100356165546
897,19.63100356165546
898,19.63100356165546
899,19.63100356165546
900,19.63100356165546
901,19.63100356165546
902,19.63100356165546
903,19.63100356165546
904,19.63100356165546
905,19.63100356165546
906,19.63100356165546
907,19.63100356165546
908,19.622751126188753
909,19.622751126188753
910,19.622751126188753
911,19.622751126188753
912,19.622751126188753
913,19.622751126188753
914,19.622751126188753
915,19.622751126188753
916,19.622751126188753
917,19.622751126188753
918,19.622751126188753
919,19.622751126188753
920,19.622751126188753
921,19.622751126188753
922,19.622751126188753
923,19.622751126188753
924,19.622751126188753
925,19.622751126188753
926,19.622751126188753
927,19.622751126188753
928,19.622751126188753
929,19.622751126188753
930,19.622751126188753
931,19.622751126188753
932,19.622751126188753
933,19.622751126188753
934,19.622751126188753
935,19.622751126188753
936,19.622751126188753
937,19.622751126188753
938,19.622751126188753
939,19.622751126188753
940,19.622751126188753
941,19.622751126188753
942,19.622751126188753
943,19.622751126188753
944,19.622751126188753
945,19.60745658671908
946,19.60745658671908
947,19.60745658671908
948,19.60745658671908
949,19.60745658671908
950,19.60745658671908
951,19.58626278675763
952,19.58626278675763
953,19.58626278675763
954,19.58626278675763
955,19.58626278675763
956,19.58626278675763
957,19.58626278675763
958,19.58626278675763
959,19.58626278675763
960,19.58626278675763
961,19.58626278675763
962,19.58626278675763
963,19.58626278675763
964,19.58626278675763
965,19.58626278675763
966,19.58626278675763
967,19.58626278675763
968,19.58626278675763
969,19.58626278675763
970,19.58626278675763
971,19.58626278675763
972,19.58626278675763
973,19.58626278675763
974,19.58626278675763
975,19.58626278675763
976,19.58626278675763
977,19.58626278675763
978,19.58626278675763
979,19.58626278675763
980,19.58626278675763
981,19.58626278675763
982,19.58626278675763
983,19.58626278675763
984,19.58626278675763
985,19.58626278675763
986,19.58626278675763
987,19.58626278675763
988,19.58626278675763
989,19.58626278675763
990,19.58626278675763
991,19.58626278675763
992,19.58626278675763
993,19.58626278675763
994,19.58626278675763
995,19.473978491896283
996,19.473978491896283
997,19.473978491896283
998,19.473978491896283
999,19.473978491896283
1000,19.473978491896283
1001,19.473978491896283
1002,19.473978491896283
1003,19.473978491896283
1004,19.473978491896283
1005,19.473978491896283
1006,19.473978491896283
1007,19.473978491896283
1008,19.473978491896283
1009,19.441999966850325
1010,19.426481504948544
1011,19.426481504948544
1012,19.426481504948544
1013,19.426481504948544
1014,19.426481504948544
1015,19.426481504948544
1016,19.426481504948544
1017,19.426481504948544
1018,19.426481504948544
1019,19.426481504948544
1020,19.426481504948544
1021,19.426481504948544
1022,19.426481504948544
1023,19.426481504948544
1024,19.426481504948544
1025,19.426481504948544
1026,19.426481504948544
1027,19.426481504948544
1028,19.40169469457188
1029,19.40169469457188
1030,19.40169469457188
1031,19.40169469457188
1032,19.40169469457188
1033,19.40169469457188
1034,19.40169469457188
1035,19.40169469457188
1036,19.40169469457188
1037,19.40169469457188
1038,19.40169469457188
1039,19.40169469457188
1040,19.40169469457188
1041,19.40169469457188
1042,19.40169469457188
1043,19.40169469457188
1044,19.40169469457188
1045,19.40169469457188
1046,19.40169469457188
1047,19.40169469457188
1048,19.40169469457188
1049,19.40169469457188
1050,19.40169469457188
1051,19.40169469457188
1052,19.40169469457188
1053,19.40169469457188
1054,19.40169469457188
1055,19.40169469457188
1056,19.40169469457188
1057,19.40169469457188
1058,19.40169469457188
1059,19.40169469457188
1060,19.40169469457188
1061,19.40169469457188
1062,19.40169469457188
1063,19.40169469457188
1064,19.40169469457188
1065,19.40169469457188
1066,19.40169469457188
1067,19.40169469457188
1068,19.40169469457188
1069,19.40169469457188
1070,19.40169469457188
1071,19.40169469457188
1072,19.40169469457188
1073,19.40169469457188
1074,19.40169469457188
1075,19.40169469457188
1076,19.40169469457188
1077,19.40169469457188
1078,19.40169469457188
1079,19.3276761386076
1080,19.3276761386076
1081,19.3276761386076
1082,19.3276761386076
1083,19.3276761386076
1084,19.3276761386076
1085,19.3276761386076
1086,19.3276761386076
1087,19.3276761386076
1088,19.3276761386076
1089,19.3276761386076
1090,19.3276761386076
1091,19.3276761386076
1092,19.3276761386076
1093,19.3276761386076
1094,19.3276761386076
1095,19.3276761386076
1096,19.3276761386076
1097,19.3276761386076
1098,19.3276761386076
1099,19.3276761386076
1100,19.3276761386076
1101,19.3276761386076
1102,19.3276761386076
1103,19.3276761386076
1104,19.3276761386076
1105,19.3276761386076
1106,19.3276761386076
1107,19.3276761386076
1108,19.3276761386076
1109,19.3276761386076
1110,19.3276761386076
1111,19.3276761386076
1112,19.3276761386076
1113,19.3276761386076
1114,19.3276761386076
1115,19.3276761386076
1116,19.3276761386076
1117,19.3276761386076
1118,19.3276761386076
1119,19.3276761386076
1120,19.3276761386076
1121,19.3276761386076
1122,19.3276761386076
1123,19.3276761386076
1124,19.3276761386076
1125,19.3276761386076
1126,19.3276761386076
1127,19.3276761386076
1128,19.3276761386076
1129,19.3276761386076
1130,19.3276761386076
1131,19.3276761386076
1132,19.3276761386076
1133,19.3276761386076
1134,19.3276761386076
1135,19.3276761386076
1136,19.3276761386076
1137,19.3276761386076
1138,19.3276761386076
1139,19.3276761386076
1140,19.3276761386076
1141,19.3276761386076
1142,19.3276761386076
1143,19.3276761386076
1144,19.3276761386076
1145,19.3276761386076
1146,19.3276761386076
1147,19.3276761386076
1148,19.3276761386076
1149,19.3276761386076
1150,19.3276761386076
1151,19.3276761386076
1152,19.3276761386076
1153,19.3276761386076
1154,19.32117766730434
1155,19.32117766730434
1156,19.32117766730434
1157,19.32117766730434
1158,19.32117766730434
1159,19.32117766730434
1160,19.32117766730434
1161,19.230559914912913
1162,19.230559914912913
1163,19.230559914912913
1164,19.230559914912913
1165,19.230559914912913
1166,19.230559914912913
1167,19.230559914912913
1168,19.230559914912913
1169,19.230559914912913
1170,19.230559914912913
1171,19.230559914912913
1172,19.230559914912913
1173,19.230559914912913
1174,19.230559914912913
1175,19.230559914912913
1176,19.230559914912913
1177,19.230559914912913
1178,19.230559914912913
1179,19.230559914912913
1180,19.230559914912913
1181,19.19729603096352
1182,19.19729603096352
1183,19.19729603096352
1184,19.19729603096352
1185,19.19729603096352
1186,19.19729603096352
1187,19.19729603096352
1188,19.19729603096352
1189,19.19729603096352
1190,19.19729603096352
1191,19.19729603096352
1192,19.19729603096352
1193,19.19729603096352
1194,19.19729603096352
1195,19.19729603096352
1196,19.19729603096352
1197,19.154846476606764
1198,19.154846476606764
1199,19.154846476606764
1200,19.154846476606764
1201,19.154846476606764
1202,19.154846476606764
1203,19.154846476606764
1204,18.980400575040907
1205,18.980400575040907
1206,18.976600141095183
1207,18.976600141095183
1208,18.976600141095183
1209,18.976600141095183
1210,18.976600141095183
1211,18.845015136397734
1212,18.845015136397734
1213,18.845015136397734
1214,18.845015136397734
1215,18.845015136397734
1216,18.845015136397734
1217,18.845015136397734
1218,18.845015136397734
1219,18.845015136397734
1220,18.845015136397734
1221,18.845015136397734
1222,18.845015136397734
1223,18.845015136397734
1224,18.845015136397734
1225,18.845015136397734
1226,18.845015136397734
1227,18.845015136397734
1228,18.845015136397734
1229,18.845015136397734
1230,18.845015136397734
1231,18.845015136397734
1232,18.845015136397734
1233,18.845015136397734
1234,18.845015136397734
1235,18.845015136397734
1236,18.845015136397734
1237,18.845015136397734
1238,18.845015136397734
1239,18.845015136397734
1240,18.845015136397734
1241,18.845015136397734
1242,18.845015136397734
1243,18.735398243406802
1244,18.735398243406802
1245,18.735398243406802
1246,18.735398243406802
1247,18.735398243406802
1248,18.72428623448001
1249,18.72428623448001
1250,18.633249565808402
1251,18.61783175623888
1252,18.61783175623888
1253,18.537907096494063
1254,18.537907096494063
1255,18.537907096494063
1256,18.537907096494063
1257,18.537907096494063
1258,18.537907096494063
1259,18.537907096494063
1260,18.537907096494063
1261,18.537907096494063
1262,18.537907096494063
1263,18.537907096494063
1264,18.537907096494063
1265,18.537907096494063
1266,18.537907096494063
1267,18.537907096494063
1268,18.537907096494063
1269,18.537907096494063
1270,18.537907096494063
1271,18.537907096494063
1272,18.537907096494063
1273,18.537907096494063
1274,18.537907096494063
1275,18.537907096494063
1276,18.537907096494063
1277,18.537907096494063
1278,18.537907096494063
1279,18.537907096494063
1280,18.537907096494063
1281,18.537907096494063
1282,18.537907096494063
1283,18.537907096494063
1284,18.537907096494063
1285,18.537907096494063
1286,18.537907096494063
1287,18.537907096494063
1288,18.537907096494063
1289,18.537907096494063
1290,18.537907096494063
1291,18.537907096494063
1292,18.537907096494063
1293,18.537907096494063
1294,18.537907096494063
1295,18.537907096494063
1296,18.537907096494063
1297,18.537907096494063
1298,18.537907096494063
1299,18.537907096494063
1300,18.537907096494063
1301,18.537907096494063
1302,18.537907096494063
1303,18.537907096494063
1304,18.537907096494063
1305,18.537907096494063
1306,18.537907096494063
1307,18.537907096494063
1308,18.537907096494063
1309,18.537907096494063
1310,18.537907096494063
1311,18.537907096494063
1312,18.537907096494063
1313,18.537907096494063
1314,18.537907096494063
1315,18.537907096494063
1316,18.537907096494063
1317,18.537907096494063
1318,18.537907096494063
1319,18.537907096494063
1320,18.537907096494063
1321,18.537907096494063
1322,18.537907096494063
1323,18.537907096494063
1324,18.537907096494063
1325,18.537907096494063
1326,18.537907096494063
1327,18.537907096494063
1328,18.537907096494063
1329,18.537907096494063
1330,18.537907096494063
1331,18.537907096494063
1332,18.537907096494063
1333,18.537907096494063
1334,18.537907096494063
1335,18.537907096494063
1336,18.537907096494063
1337,18.537907096494063
1338,18.537907096494063
1339,18.537907096494063
1340,18.537907096494063
1341,18.537907096494063
1342,18.537907096494063
1343,18.537907096494063
1344,18.537907096494063
1345,18.537907096494063
1346,18.537907096494063
1347,18.537907096494063
1348,18.537907096494063
1349,18.537907096494063
1350,18.537907096494063
1351,18.537907096494063
1352,18.537907096494063
1353,18.537907096494063
1354,18.537907096494063
1355,18.537907096494063
1356,18.537907096494063
1357,18.537907096494063
1358,18.537907096494063
1359,18.537907096494063
1360,18.537907096494063
1361,18.50220281350299
1362,18.50220281350299
1363,18.50220281350299
1364,18.50220281350299
1365,18.50220281350299
1366,18.50220281350299
1367,18.50220281350299
1368,18.50220281350299
1369,18.50220281350299
1370,18.50220281350299
1371,18.50220281350299
1372,18.50220281350299
1373,18.483317209796887
1374,18.483317209796887
1375,18.483317209796887
1376,18.483317209796887
1377,18.483317209796887
1378,18.483317209796887
1379,18.483317209796887
1380,18.483317209796887
1381,18.483317209796887
1382,18.483317209796887
1383,18.483317209796887
1384,18.483317209796887
1385,18.483317209796887
1386,18.483317209796887
1387,18.483317209796887
1388,18.483317209796887
1389,18.483317209796887
1390,18.483317209796887
1391,18.483317209796887
1392,18.483317209796887
1393,18.483317209796887
1394,18.483317209796887
1395,18.483317209796887
1396,18.483317209796887
1397,18.483317209796887
1398,18.483317209796887
1399,18.483317209796887
1400,18.483317209796887
1401,18.483317209796887
1402,18.483317209796887
1403,18.483317209796887
1404,18.483317209796887
1405,18.483317209796887
1406,18.483317209796887
1407,18.483317209796887
1408,18.483317209796887
1409,18.483317209796887
1410,18.483317209796887
1411,18.483317209796887
1412,18.483317209796887
1413,18.483317209796887
1414,18.483317209796887
1415,18.483317209796887
1416,18.483317209796887
1417,18.483317209796887
1418,18.483317209796887
1419,18.483317209796887
1420,18.483317209796887
1421,18.483317209796887
1422,18.483317209796887
1423,18.483317209796887
1424,18.483317209796887
1425,18.483317209796887
1426,18.483317209796887
1427,18.483317209796887
1428,18.483317209796887
1429,18.483317209796887
1430,18.483317209796887
1431,18.483317209796887
1432,18.483317209796887
1433,18.483317209796887
1434,18.483317209796887
1435,18.483317209796887
1436,18.483317209796887
1437,18.483317209796887
1438,18.483317209796887
1439,18.483317209796887
1440,18.483317209796887
1441,18.483317209796887
1442,18.483317209796887
1443,18.483317209796887
1444,18.483317209796887
1445,18.483317209796887
1446,18.483317209796887
1447,18.483317209796887
1448,18.483317209796887
1449,18.483317209796887
1450,18.483317209796887
1451,18.483317209796887
1452,18.483317209796887
1453,18.483317209796887
1454,18.483317209796887
1455,18.483317209796887
1456,18.483317209796887
1457,18.483317209796887
1458,18.483317209796887
1459,18.483317209796887
1460,18.483317209796887
1461,18.483317209796887
1462,18.483317209796887
1463,18.483317209796887
1464,18.483317209796887
1465,18.483317209796887
1466,18.483317209796887
1467,18.483317209796887
1468,18.483317209796887
1469,18.483317209796887
1470,18.483317209796887
1471,18.483317209796887
1472,18.483317209796887
1473,18.483317209796887
1474,18.483317209796887
1475,18.483317209796887
1476,18.28751075400732
1477,18.28751075400732
1478,18.28751075400732
1479,18.28751075400732
1480,18.28751075400732
1481,18.28751075400732
1482,18.28751075400732
1483,18.28751075400732
1484,18.28751075400732
1485,18.28751075400732
1486,18.28751075400732
1487,18.28751075400732
1488,18.28751075400732
1489,18.28751075400732
1490,18.28751075400732
1491,18.28751075400732
1492,18.28751075400732
1493,18.28751075400732
1494,18.28751075400732
1495,18.28751075400732
1496,18.28751075400732
1497,18.28751075400732
1498,18.28751075400732
1499,18.28751075400732
1500,18.28751075400732
1501,18.28751075400732
1502,18.28751075400732
1503,18.28751075400732
1504,18.28751075400732
1505,18.28751075400732
1506,18.28751075400732
1507,18.28751075400732
1508,18.28751075400732
1509,18.28751075400732
1510,18.28751075400732
1511,18.28751075400732
1512,18.28751075400732
1513,18.28751075400732
1514,18.28751075400732
1515,18.28751075400732
1516,18.28751075400732
1517,18.28751075400732
1518,18.28751075400732
1519,18.28751075400732
1520,18.28751075400732
1521,18.28751075400732
1522,18.28751075400732
1523,18.2064092214385
1524,18.2064092214385
1525,18.2064092214385
1526,18.2064092214385
1527,18.2064092214385
1528,18.2064092214385
1529,18.2064092214385
1530,18.2064092214385
1531,18.2064092214385
1532,18.2064092214385
1533,18.2064092214385
1534,18.2064092214385
1535,18.2064092214385
1536,18.2064092214385
1537,18.2064092214385
1538,18.2064092214385
1539,18.2064092214385
1540,18.2064092214385
1541,18.2064092214385
1542,18.2064092214385
1543,18.2064092214385
1544,18.2064092214385
1545,18.2064092214385
1546,18.2064092214385
1547,18.2064092214385
1548,18.2064092214385
1549,18.2064092214385
1550,18.2064092214385
1551,18.2064092214385
1552,18.2064092214385
1553,18.2064092214385
1554,18.2064092214385
1555,18.2064092214385
1556,18.2064092214385
1557,18.2064092214385
1558,18.2064092214385
1559,18.2064092214385
1560,18.2064092214385
1561,18.2064092214385
1562,18.12497634051111
1563,18.12497634051111
1564,18.12497634051111
1565,18.12497634051111
1566,18.12497634051111
1567,18.12497634051111
1568,18.12497634051111
1569,18.12497634051111
1570,18.12497634051111
1571,18.12497634051111
1572,18.12497634051111
1573,18.12497634051111
1574,18.12497634051111
1575,18.12497634051111
1576,18.020819210250547
1577,18.020819210250547
1578,18.020819210250547
1579,18.020819210250547
1580,18.020819210250547
1581,18.020819210250547
1582,18.020819210250547
1583,18.020819210250547
1584,18.020819210250547
1585,18.020819210250547
1586,18.020819210250547
1587,18.020819210250547
1588,18.020819210250547
1589,18.020819210250547
1590,18.020819210250547
1591,18.020819210250547
1592,18.020819210250547
1593,18.020819210250547
1594,18.020819210250547
1595,18.020819210250547
1596,18.020819210250547
1597,18.020819210250547
1598,17.97063949015097
1599,17.97063949015097
1600,17.97063949015097
1601,17.97063949015097
1602,17.97063949015097
1603,17.97063949015097
1604,17.97063949015097
1605,17.97063949015097
1606,17.97063949015097
1607,17.97063949015097
1608,17.97063949015097
1609,17.97063949015097
1610,17.97063949015097
1611,17.97063949015097
1612,17.97063949015097
1613,17.97063949015097
1614,17.97063949015097
1615,17.97063949015097
1616,17.97063949015097
1617,17.97063949015097
1618,17.97063949015097
1619,17.97063949015097
1620,17.97063949015097
1621,17.97063949015097
1622,17.97063949015097
1623,17.97063949015097
1624,17.97063949015097
1625,17.97063949015097
1626,17.97063949015097
1627,17.97063949015097
1628,17.97063949015097
1629,17.97063949015097
1630,17.97063949015097
1631,17.97063949015097
1632,17.858305028784397
1633,17.633819284647817
1634,17.633819284647817
1635,17.51007600129825
1636,17.51007600129825
1637,17.51007600129825
1638,17.51007600129825
1639,17.51007600129825
1640,17.51007600129825
1641,17.51007600129825
1642,17.51007600129825
1643,17.51007600129825
1644,17.51007600129825
1645,17.51007600129825
1646,17.51007600129825
1647,17.51007600129825
1648,17.51007600129825
1649,17.51007600129825
1650,17.51007600129825
1651,17.51007600129825
1652,17.51007600129825
1653,17.51007600129825
1654,17.51007600129825
1655,17.51007600129825
1656,17.51007600129825
1657,17.51007600129825
1658,17.51007600129825
1659,17.51007600129825
1660,17.51007600129825
1661,17.51007600129825
1662,17.51007600129825
1663,17.51007600129825
1664,17.51007600129825
1665,17.51007600129825
1666,17.51007600129825
1667,17.51007600129825
1668,17.51007600129825
1669,17.448464832005197
1670,17.448464832005197
1671,17.448464832005197
1672,17.448464832005197
1673,17.448464832005197
1674,17.448464832005197
1675,17.448464832005197
1676,17.448464832005197
1677,17.448464832005197
1678,17.448464832005197
1679,17.448464832005197
1680,17.448464832005197
1681,17.407577072532817
1682,17.407577072532817
1683,17.407577072532817
1684,17.407577072532817
1685,17.407577072532817
1686,17.407577072532817
1687,17.407577072532817
1688,17.407577072532817
1689,17.407577072532817
1690,17.407577072532817
1691,17.407577072532817
1692,17.407577072532817
1693,17.407577072532817
1694,17.407577072532817
1695,17.407577072532817
1696,17.407577072532817
1697,17.407577072532817
1698,17.407577072532817
1699,17.407577072532817
1700,17.407577072532817
1701,17.407577072532817
1702,17.407577072532817
1703,17.407577072532817
1704,17.407577072532817
1705,17.407577072532817
1706,17.407577072532817
1707,17.407577072532817
1708,17.407577072532817
1709,17.407577072532817
1710,17.407577072532817
1711,17.407577072532817
1712,17.407577072532817
1713,17.407577072532817
1714,17.407577072532817
1715,17.407577072532817
1716,17.407577072532817
1717,17.339172412688367
1718,17.339172412688367
1719,17.305187054864568
1720,17.305187054864568
1721,17.305187054864568
1722,17.305187054864568
1723,17.305187054864568
1724,17.305187054864568
1725,17.305187054864568
1726,17.305187054864568
1727,17.305187054864568
1728,17.305187054864568
1729,17.305187054864568
1730,17.305187054864568
1731,17.305187054864568
1732,17.305187054864568
1733,17.305187054864568
1734,17.305187054864568
1735,17.305187054864568
1736,17.305187054864568
1737,17.305187054864568
1738,17.305187054864568
1739,16.991732367160484
1740,16.991732367160484
1741,16.991732367160484
1742,16.991732367160484
1743,16.991732367160484
1744,16.991732367160484
1745,16.991732367160484
1746,16.991732367160484
1747,16.991732367160484
1748,16.991732367160484
1749,16.991732367160484
1750,16.991732367160484
1751,16.991732367160484
1752,16.991732367160484
1753,16.991732367160484
1754,16.991732367160484
1755,16.991732367160484
1756,16.991732367160484
1757,16.991732367160484
1758,16.991732367160484
1759,16.991732367160484
1760,16.991732367160484
1761,16.991732367160484
1762,16.991732367160484
1763,16.991732367160484
1764,16.991732367160484
1765,16.991732367160484
1766,16.991732367160484
1767,16.991732367160484
1768,16.991732367160484
1769,16.991732367160484
1770,16.991732367160484
1771,16.991732367160484
1772,16.991732367160484
1773,16.991732367160484
1774,16.991732367160484
1775,16.991732367160484
1776,16.991732367160484
1777,16.991732367160484
1778,16.991732367160484
1779,16.991732367160484
1780,16.991732367160484
1781,16.991732367160484
1782,16.991732367160484
1783,16.991732367160484
1784,16.991732367160484
1785,16.991732367160484
1786,16.991732367160484
1787,16.991732367160484
1788,16.991732367160484
1789,16.991732367160484
1790,16.991732367160484
1791,16.991732367160484
1792,16.991732367160484
1793,16.991732367160484
1794,16.991732367160484
1795,16.991732367160484
1796,16.991732367160484
1797,16.991732367160484
1798,16.991732367160484
1799,16.991732367160484
1800,16.991732367160484
1801,16.991732367160484
1802,16.991732367160484
1803,16.991732367160484
1804,16.991732367160484
1805,16.991732367160484
1806,16.991732367160484
1807,16.991732367160484
1808,16.991732367160484
1809,16.991732367160484
1810,16.991732367160484
1811,16.991732367160484
1812,16.991732367160484
1813,16.991732367160484
1814,16.991732367160484
1815,16.991732367160484
1816,16.991732367160484
1817,16.991732367160484
1818,16.991732367160484
1819,16.991732367160484
1820,16.991732367160484
1821,16.991732367160484
1822,16.991732367160484
1823,16.991732367160484
1824,16.991732367160484
1825,16.991732367160484
1826,16.991732367160484
1827,16.991732367160484
1828,16.991732367160484
1829,16.991732367160484
1830,16.991732367160484
1831,16.991732367160484
1832,16.991732367160484
1833,16.991732367160484
1834,16.900359728731345
1835,16.900359728731345
1836,16.900359728731345
1837,16.900359728731345
1838,16.900359728731345
1839,16.900359728731345
1840,16.900359728731345
1841,16.900359728731345
1842,16.900359728731345
1843,16.900359728731345
1844,16.863335477224695
1845,16.863335477224695
1846,16.863335477224695
1847,16.863335477224695
1848,16.863335477224695
1849,16.863335477224695
1850,16.63684389338405
1851,16.63684389338405
1852,16.63684389338405
1853,16.63684389338405
1854,16.63684389338405
1855,16.63684389338405
1856,16.63684389338405
1857,16.63684389338405
1858,16.63684389338405
1859,16.63684389338405
1860,16.63684389338405
1861,16.63684389338405
1862,16.63684389338405
1863,16.63684389338405
1864,16.63684389338405
1865,16.63684389338405
1866,16.63684389338405
1867,16.63684389338405
1868,16.63684389338405
1869,16.63684389338405
1870,16.63684389338405
1871,16.63684389338405
1872,16.63684389338405
1873,16.63684389338405
1874,16.63684389338405
1875,16.63684389338405
1876,16.63684389338405
1877,16.63684389338405
1878,16.63684389338405
1879,16.63684389338405
1880,16.63684389338405
1881,16.63684389338405
1882,16.63684389338405
1883,16.63684389338405
1884,16.63684389338405
1885,16.63684389338405
1886,16.63684389338405
1887,16.63684389338405
1888,16.63684389338405
1889,16.63684389338405
1890,16.63684389338405
1891,16.63684389338405
1892,16.63684389338405
1893,16.63684389338405
1894,16.63684389338405
1895,16.63684389338405
1896,16.63684389338405
1897,16.63684389338405
1898,16.63684389338405
1899,16.63684389338405
1900,16.63684389338405
1901,16.63684389338405
1902,16.63684389338405
1903,16.63684389338405
1904,16.63684389338405
1905,16.63684389338405
1906,16.63684389338405
1907,16.63684389338405
1908,16.63684389338405
1909,16.63684389338405
1910,16.633812374104917
1911,16.633812374104917
1912,16.633812374104917
1913,16.633812374104917
1914,16.633812374104917
1915,16.633812374104917
1916,16.62894489215602
1917,16.62894489215602
1918,16.62894489215602
1919,16.62894489215602
1920,16.62894489215602
1921,16.62894489215602
1922,16.62894489215602
1923,16.62894489215602
1924,16.62894489215602
1925,16.62894489215602
1926,16.62894489215602
1927,16.62894489215602
1928,16.62894489215602
1929,16.62894489215602
1930,16.62894489215602
1931,16.62894489215602
1932,16.62894489215602
1933,16.62894489215602
1934,16.62894489215602
1935,16.62894489215602
1936,16.62894489215602
1937,16.62894489215602
1938,16.62894489215602
1939,16.62894489215602
1940,16.62894489215602
1941,16.62894489215602
1942,16.62894489215602
1943,16.62894489215602
1944,16.62894489215602
1945,16.62894489215602
1946,16.62894489215602
1947,16.62894489215602
1948,16.611249222341627
1949,16.611249222341627
1950,16.611249222341627
1951,16.611249222341627
1952,16.611249222341627
1953,16.611249222341627
1954,16.611249222341627
1955,16.611249222341627
1956,16.611249222341627
1957,16.611249222341627
1958,16.611249222341627
1959,16.611249222341627
1960,16.611249222341627
1961,16.611249222341627
1962,16.611249222341627
1963,16.611249222341627
1964,16.60165875172205
1965,16.60165875172205
1966,16.60165875172205
1967,16.60165875172205
1968,16.60165875172205
1969,16.60165875172205
1970,16.60165875172205
1971,16.60165875172205
1972,16.60165875172205
1973,16.60165875172205
1974,16.60165875172205
1975,16.60165875172205
1976,16.60165875172205
1977,16.60165875172205
1978,16.60165875172205
1979,16.60165875172205
1980,16.60165875172205
1981,16.60165875172205
1982,16.60165875172205
1983,16.60165875172205
1984,16.60165875172205
1985,16.60165875172205
1986,16.60165875172205
1987,16.60165875172205
1988,16.60165875172205
1989,16.60165875172205
1990,16.60165875172205
1991,16.60165875172205
1992,16.60165875172205
1993,16.60165875172205
1994,16.60165875172205
1995,16.60165875172205
1996,16.60165875172205
1997,16.60165875172205
1998,16.60165875172205
1999,16.60165875172205
2000,16.60165875172205
2001,16.60165875172205
2002,16.60165875172205
2003,16.60165875172205
2004,16.57767171571788
2005,16.57767171571788
2006,16.57767171571788
2007,16.359527136976592
2008,16.359527136976592
2009,16.359527136976592
2010,16.359527136976592
2011,16.359527136976592
2012,16.359527136976592
2013,16.359527136976592
2014,16.359527136976592
2015,16.359527136976592
2016,16.359527136976592
2017,16.359527136976592
2018,16.359527136976592
2019,16.359527136976592
2020,16.359527136976592
2021,16.359527136976592
2022,16.359527136976592
2023,16.359527136976592
2024,16.359527136976592
2025,16.359527136976592
2026,16.359527136976592
2027,16.359527136976592
2028,16.359527136976592
2029,16.359527136976592
2030,16.359527136976592
2031,16.359527136976592
2032,16.359527136976592
2033,16.359527136976592
2034,16.359527136976592
2035,16.359527136976592
2036,16.359527136976592
2037,16.359527136976592
2038,16.359527136976592
2039,16.359527136976592
2040,16.359527136976592
2041,16.359527136976592
2042,16.359527136976592
2043,16.359527136976592
2044,16.359527136976592
2045,16.359527136976592
2046,16.359527136976592
2047,16.359527136976592
2048,16.359527136976592
2049,16.359527136976592
2050,16.359527136976592
2051,16.359527136976592
2052,16.308033856633596
2053,16.308033856633596
2054,16.308033856633596
2055,16.308033856633596
2056,16.308033856633596
2057,16.308033856633596
2058,16.308033856633596
2059,16.308033856633596
2060,16.308033856633596
2061,16.308033856633596
2062,16.308033856633596
2063,16.308033856633596
2064,16.308033856633596
2065,16.308033856633596
2066,16.308033856633596
2067,16.308033856633596
2068,16.308033856633596
2069,16.308033856633596
2070,16.308033856633596
2071,16.308033856633596
2072,16.308033856633596
2073,16.308033856633596
2074,16.308033856633596
2075,16.308033856633596
2076,16.308033856633596
2077,16.308033856633596
2078,16.308033856633596
2079,16.308033856633596
2080,16.308033856633596
2081,16.308033856633596
2082,16.308033856633596
2083,16.308033856633596
2084,16.308033856633596
2085,16.308033856633596
2086,16.308033856633596
2087,16.308033856633596
2088,16.308033856633596
2089,16.308033856633596
2090,16.308033856633596
2091,16.308033856633596
2092,16.308033856633596
2093,16.308033856633596
2094,16.308033856633596
2095,16.308033856633596
2096,16.308033856633596
2097,16.308033856633596
2098,16.308033856633596
2099,16.308033856633596
2100,16.308033856633596
2101,16.308033856633596
2102,16.308033856633596
2103,16.308033856633596
2104,16.308033856633596
2105,16.28238912406293
2106,16.28238912406293
2107,16.28238912406293
2108,16.28238912406293
2109,16.28238912406293
2110,16.28238912406293
2111,16.28238912406293
2112,16.28238912406293
2113,16.28238912406293
2114,16.28238912406293
2115,16.28238912406293
2116,16.28238912406293
2117,16.28238912406293
2118,16.28238912406293
2119,16.28238912406293
2120,16.28238912406293
2121,16.28238912406293
2122,16.28238912406293
2123,16.210005363474306
2124,16.210005363474306
2125,16.210005363474306
2126,16.210005363474306
2127,16.210005363474306
2128,15.77045163893864
2129,15.77045163893864
2130,15.77045163893864
2131,15.77045163893864
2132,15.77045163893864
2133,15.77045163893864
2134,15.77045163893864
2135,15.77045163893864
2136,15.77045163893864
2137,15.77045163893864
2138,15.77045163893864
2139,15.77045163893864
2140,15.77045163893864
2141,15.77045163893864
2142,15.77045163893864
2143,15.77045163893864
2144,15.77045163893864
2145,15.77045163893864
2146,15.77045163893864
2147,15.77045163893864
2148,15.77045163893864
2149,15.77045163893864
2150,15.77045163893864
2151,15.77045163893864
2152,15.77045163893864
2153,15.77045163893864
2154,15.77045163893864
2155,15.77045163893864
2156,15.77045163893864
2157,15.77045163893864
2158,15.77045163893864
2159,15.77045163893864
2160,15.77045163893864
2161,15.77045163893864
2162,15.77045163893864
2163,15.77045163893864
2164,15.77045163893864
2165,15.77045163893864
2166,15.77045163893864
2167,15.77045163893864
2168,15.77045163893864
2169,15.77045163893864
2170,15.77045163893864
2171,15.77045163893864
2172,15.77045163893864
2173,15.77045163893864
2174,15.77045163893864
2175,15.77045163893864
2176,15.77045163893864
2177,15.77045163893864
2178,15.77045163893864
2179,15.77045163893864
2180,15.77045163893864
2181,15.77045163893864
2182,15.77045163893864
2183,15.77045163893864
2184,15.77045163893864
2185,15.77045163893864
2186,15.77045163893864
2187,15.77045163893864
2188,15.749251464029028
2189,15.749251464029028
2190,15.749251464029028
2191,15.749251464029028
2192,15.749251464029028
2193,15.749251464029028
2194,15.749251464029028
2195,15.749251464029028
2196,15.749251464029028
2197,15.749251464029028
2198,15.749251464029028
2199,15.749251464029028
2200,15.749251464029028
2201,15.749251464029028
2202,15.749251464029028
2203,15.749251464029028
2204,15.749251464029028
2205,15.749251464029028
2206,15.749251464029028
2207,15.749251464029028
2208,15.749251464029028
2209,15.749251464029028
2210,15.749251464029028
2211,15.749251464029028
2212,15.749251464029028
2213,15.749251464029028
2214,15.749251464029028
2215,15.749251464029028
2216,15.749251464029028
2217,15.749251464029028
2218,15.749251464029028
2219,15.749251464029028
2220,15.749251464029028
2221,15.749251464029028
2222,15.749251464029028
2223,15.749251464029028
2224,15.749251464029028
2225,15.749251464029028
2226,15.749251464029028
2227,15.749251464029028
2228,15.749251464029028
2229,15.749251464029028
2230,15.749251464029028
2231,15.749251464029028
2232,15.749251464029028
2233,15.749251464029028
2234,15.749251464029028
2235,15.749251464029028
2236,15.749251464029028
2237,15.749251464029028
2238,15.749251464029028
2239,15.749251464029028
2240,15.749251464029028
2241,15.749251464029028
2242,15.749251464029028
2243,15.749251464029028
2244,15.749251464029028
2245,15.749251464029028
2246,15.749251464029028
2247,15.749251464029028
2248,15.749251464029028
2249,15.749251464029028
2250,15.749251464029028
2251,15.749251464029028
2252,15.749251464029028
2253,15.749251464029028
2254,15.66704830097443
2255,15.61646445153437
2256,15.414230974504314
2257,15.406911865279778
2258,15.394688633432962
2259,15.387369524208426
2260,15.387369524208426
2261,15.387369524208426
2262,15.387369524208426
2263,15.387369524208426
2264,15.387369524208426
2265,15.361944803699087
2266,15.361944803699087
2267,15.361944803699087
2268,15.361944803699087
2269,15.361944803699087
2270,15.361944803699087
2271,15.361944803699087
2272,15.361944803699087
2273,15.361944803699087
2274,15.361944803699087
2275,15.361944803699087
2276,15.361944803699087
2277,15.361944803699087
2278,15.361944803699087
2279,15.361944803699087
2280,15.361944803699087
2281,15.361944803699087
2282,15.361944803699087
2283,15.361944803699087
2284,15.361944803699087
2285,15.361944803699087
2286,15.361944803699087
2287,15.361944803699087
2288,15.361944803699087
2289,15.361944803699087
2290,15.361944803699087
2291,15.361944803699087
2292,15.361944803699087
2293,15.361944803699087
2294,15.361944803699087
2295,15.361944803699087
2296,15.361944803699087
2297,15.361944803699087
2298,15.361944803699087
2299,15.361944803699087
2300,15.361944803699087
2301,15.361944803699087
2302,15.361944803699087
2303,15.361944803699087
2304,15.361944803699087
2305,15.361944803699087
2306,15.361944803699087
2307,15.361944803699087
2308,15.361944803699087
2309,15.361944803699087
2310,15.361944803699087
2311,15.361944803699087
2312,15.361944803699087
2313,15.361944803699087
2314,15.361944803699087
2315,15.361944803699087
2316,15.361944803699087
2317,15.361944803699087
2318,15.361944803699087
2319,15.361944803699087
2320,15.361944803699087
2321,15.361944803699087
2322,15.361944803699087
2323,15.361944803699087
2324,15.361944803699087
2325,15.361944803699087
2326,15.361944803699087
2327,15.361944803699087
2328,15.361944803699087
2329,15.238149405349768
2330,15.238149405349768
2331,15.238149405349768
2332,15.238149405349768
2333,15.238149405349768
2334,15.238149405349768
2335,15.238149405349768
2336,15.238149405349768
2337,15.238149405349768
2338,15.238149405349768
2339,15.238149405349768
2340,15.238149405349768
2341,15.238149405349768
2342,15.238149405349768
2343,15.238149405349768
2344,15.238149405349768
2345,15.238149405349768
2346,15.238149405349768
2347,15.238149405349768
2348,15.238149405349768
2349,15.238149405349768
2350,15.238149405349768
2351,15.238149405349768
2352,15.238149405349768
2353,15.238149405349768
2354,15.238149405349768
2355,15.238149405349768
2356,15.238149405349768
2357,15.238149405349768
2358,15.238149405349768
2359,15.238149405349768
2360,15.238149405349768
2361,15.238149405349768
2362,15.238149405349768
2363,15.238149405349768
2364,15.238149405349768
2365,15.238149405349768
2366,15.238149405349768
2367,15.238149405349768
2368,15.238149405349768
2369,15.238149405349768
2370,15.238149405349768
2371,15.238149405349768
2372,15.238149405349768
2373,15.238149405349768
2374,15.238149405349768
2375,15.238149405349768
2376,15.238149405349768
2377,15.238149405349768
2378,15.238149405349768
2379,15.238149405349768
2380,15.238149405349768
2381,15.238149405349768
2382,15.238149405349768
2383,15.238149405349768
2384,15.238149405349768
2385,15.238149405349768
2386,15.238149405349768
2387,15.238149405349768
2388,15.238149405349768
2389,15.238149405349768
2390,15.238149405349768
2391,15.238149405349768
2392,15.238149405349768
2393,15.238149405349768
2394,15.238149405349768
2395,15.238149405349768
2396,15.238149405349768
2397,15.238149405349768
2398,15.238149405349768
2399,15.238149405349768
2400,15.238149405349768
2401,15.238149405349768
2402,15.238149405349768
2403,15.238149405349768
2404,15.238149405349768
2405,15.238149405349768
2406,15.238149405349768
2407,15.238149405349768
2408,15.238149405349768
2409,15.238149405349768
2410,15.238149405349768
2411,15.238149405349768
2412,15.238149405349768
2413,15.238149405349768
2414,15.238149405349768
2415,15.238149405349768
2416,15.238149405349768
2417,15.238149405349768
2418,15.238149405349768
2419,15.238149405349768
2420,15.238149405349768
2421,15.238149405349768
2422,15.238149405349768
2423,15.238149405349768
2424,15.238149405349768
2425,15.238149405349768
2426,15.238149405349768
2427,15.238149405349768
2428,15.238149405349768
2429,15.238149405349768
2430,15.238149405349768
2431,15.238149405349768
2432,15.238149405349768
2433,15.238149405349768
2434,15.238149405349768
2435,15.238149405349768
2436,15.238149405349768
2437,15.238149405349768
2438,15.238149405349768
2439,15.23777546103677
2440,15.23777546103677
2441,15.23777546103677
2442,15.23777546103677
2443,15.23777546103677
2444,15.23777546103677
2445,15.23777546103677
2446,15.23777546103677
2447,15.23777546103677
2448,15.23777546103677
2449,15.23777546103677
2450,15.23777546103677
2451,15.23777546103677
2452,15.23777546103677
2453,15.23777546103677
2454,15.23777546103677
2455,15.23777546103677
2456,15.23777546103677
2457,15.23777546103677
2458,15.23777546103677
2459,15.23777546103677
2460,15.23777546103677
2461,15.23777546103677
2462,15.23777546103677
2463,15.23777546103677
2464,15.166851344543716
2465,15.166851344543716
2466,15.166851344543716
2467,15.166851344543716
2468,15.166851344543716
2469,15.166851344543716
2470,15.166851344543716
2471,15.166851344543716
2472,15.166851344543716
2473,15.166851344543716
2474,15.166851344543716
2475,15.166851344543716
2476,15.166851344543716
2477,15.166851344543716
2478,15.166851344543716
2479,15.166851344543716
2480,15.166851344543716
2481,15.166851344543716
2482,15.166851344543716
2483,15.166851344543716
2484,15.166851344543716
2485,15.166851344543716
2486,15.166851344543716
2487,15.166851344543716
2488,15.166851344543716
2489,15.166851344543716
2490,15.166851344543716
2491,15.166851344543716
2492,15.166851344543716
2493,15.166851344543716
2494,15.166851344543716
2495,15.166851344543716
2496,15.166851344543716
2497,15.166851344543716
2498,15.166851344543716
2499,15.166851344543716
2500,15.166851344543716
2501,15.166851344543716
2502,15.0691682466954
2503,15.0691682466954
2504,15.0691682466954
2505,15.0691682466954
2506,15.0691682466954
2507,15.0691682466954
2508,15.0691682466954
2509,15.0691682466954
2510,15.0691682466954
2511,15.0691682466954
2512,15.0691682466954
2513,15.0691682466954
2514,15.0691682466954
2515,15.0691682466954
2516,15.0691682466954
2517,15.0691682466954
2518,15.0691682466954
2519,15.0691682466954
2520,15.0691682466954
2521,15.0691682466954
2522,15.0691682466954
2523,15.0691682466954
2524,15.0691682466954
2525,15.0691682466954
2526,15.0691682466954
2527,15.0691682466954
2528,15.0691682466954
2529,15.0691682466954
2530,15.0691682466954
2531,15.0691682466954
2532,15.0691682466954
2533,15.0691682466954
2534,15.0691682466954
2535,15.0691682466954
2536,15.0691682466954
2537,15.0691682466954
2538,15.0691682466954
2539,15.0691682466954
2540,15.0691682466954
2541,15.0691682466954
2542,15.0691682466954
2543,15.0691682466954
2544,15.0691682466954
2545,15.0691682466954
2546,15.0691682466954
2547,15.0691682466954
2548,15.0691682466954
2549,15.0691682466954
2550,15.0691682466954
2551,15.0691682466954
2552,15.0691682466954
2553,15.0691682466954
2554,15.0691682466954
2555,15.0691682466954
2556,15.0691682466954
2557,15.0691682466954
2558,15.0691682466954
2559,15.0691682466954
2560,15.0691682466954
2561,15.0691682466954
2562,15.0691682466954
2563,15.0691682466954
2564,15.0691682466954
2565,15.0691682466954
2566,15.0691682466954
2567,15.0691682466954
2568,15.0691682466954
2569,15.0691682466954
2570,15.0691682466954
2571,15.0691682466954
2572,15.0691682466954
2573,15.0691682466954
2574,15.0691682466954
2575,15.0691682466954
2576,15.0691682466954
2577,15.0691682466954
2578,15.0691682466954
2579,15.0691682466954
2580,15.0691682466954
2581,15.0691682466954
2582,15.0691682466954
2583,15.0691682466954
2584,15.0691682466954
2585,15.0691682466954
2586,15.0691682466954
2587,15.0691682466954
2588,15.0691682466954
2589,15.0691682466954
2590,15.0691682466954
2591,15.0691682466954
2592,15.0691682466954
2593,15.0691682466954
2594,15.0691682466954
2595,15.0691682466954
2596,15.0691682466954
2597,15.0691682466954
2598,15.0691682466954
2599,15.0691682466954
2600,15.0691682466954
2601,15.0691682466954
2602,15.0691682466954
2603,15.0691682466954
2604,15.0691682466954
2605,15.0691682466954
2606,15.0691682466954
2607,15.0691682466954
2608,15.0691682466954
2609,15.0691682466954
2610,15.0691682466954
2611,15.0691682466954
2612,15.0691682466954
2613,15.0691682466954
2614,15.0691682466954
2615,15.0691682466954
2616,15.0691682466954
2617,15.0691682466954
2618,15.0691682466954
2619,15.0691682466954
2620,15.0691682466954
2621,15.0691682466954
2622,15.0691682466954
2623,15.0691682466954
2624,15.066674880631034
2625,15.066674880631034
2626,15.066674880631034
2627,15.066674880631034
2628,15.066674880631034
2629,15.066674880631034
2630,15.066674880631034
2631,15.066674880631034
2632,15.066674880631034
2633,15.066674880631034
2634,15.066674880631034
2635,15.066674880631034
2636,15.066674880631034
2637,15.066674880631034
2638,15.066674880631034
2639,15.066674880631034
2640,15.066674880631034
2641,15.066674880631034
2642,15.066674880631034
2643,15.066674880631034
2644,15.066674880631034
2645,15.066674880631034
2646,15.066674880631034
2647,15.066674880631034
2648,15.066674880631034
2649,15.066674880631034
2650,15.066674880631034
2651,15.066674880631034
2652,15.066674880631034
2653,15.066674880631034
2654,15.066674880631034
2655,15.066674880631034
2656,15.066674880631034
2657,15.066674880631034
2658,15.066674880631034
2659,15.066674880631034
2660,15.066674880631034
2661,15.066674880631034
2662,15.066674880631034
2663,15.066674880631034
2664,15.066674880631034
2665,15.066674880631034
2666,15.066674880631034
2667,15.066674880631034
2668,15.066674880631034
2669,15.066674880631034
2670,15.066674880631034
2671,15.066674880631034
2672,15.066674880631034
2673,14.930864273676328
2674,14.930864273676328
2675,14.875822541009503
2676,14.875822541009503
2677,14.875822541009503
2678,14.875822541009503
2679,14.875822541009503
2680,14.875822541009503
2681,14.875822541009503
2682,14.875822541009503
2683,14.875822541009503
2684,14.875822541009503
2685,14.875822541009503
2686,14.875822541009503
2687,14.875822541009503
2688,14.875822541009503
2689,14.875822541009503
2690,14.875822541009503
2691,14.875822541009503
2692,14.875822541009503
2693,14.875822541009503
2694,14.875822541009503
2695,14.875822541009503
2696,14.875822541009503
2697,14.875822541009503
2698,14.875822541009503
2699,14.875822541009503
2700,14.875822541009503
2701,14.875822541009503
2702,14.875822541009503
2703,14.875822541009503
2704,14.875822541009503
2705,14.875822541009503
2706,14.875822541009503
2707,14.875822541009503
2708,14.875822541009503
2709,14.875822541009503
2710,14.875822541009503
2711,14.875822541009503
2712,14.875822541009503
2713,14.875822541009503
2714,14.875822541009503
2715,14.875822541009503
2716,14.875822541009503
2717,14.875822541009503
2718,14.875822541009503
2719,14.875822541009503
2720,14.875822541009503
2721,14.875822541009503
2722,14.875822541009503
2723,14.875822541009503
2724,14.875822541009503
2725,14.875822541009503
2726,14.803427051982311
2727,14.803427051982311
2728,14.803427051982311
2729,14.803427051982311
2730,14.803427051982311
2731,14.803427051982311
2732,14.803427051982311
2733,14.803427051982311
2734,14.803427051982311
2735,14.803427051982311
2736,14.803427051982311
2737,14.803427051982311
2738,14.803427051982311
2739,14.759718116229601
2740,14.759718116229601
2741,14.759718116229601
2742,14.759718116229601
2743,14.759718116229601
2744,14.759718116229601
2745,14.759718116229601
2746,14.759718116229601
2747,14.759718116229601
2748,14.759718116229601
2749,14.759718116229601
2750,14.759718116229601
2751,14.759718116229601
2752,14.759718116229601
2753,14.759718116229601
2754,14.759718116229601
2755,14.759718116229601
2756,14.759718116229601
2757,14.759718116229601
2758,14.759718116229601
2759,14.759718116229601
2760,14.759718116229601
2761,14.759718116229601
2762,14.759718116229601
2763,14.759718116229601
2764,14.759718116229601
2765,14.759718116229601
2766,14.759718116229601
2767,14.759718116229601
2768,14.759718116229601
2769,14.759718116229601
2770,14.759718116229601
2771,14.759718116229601
2772,14.759718116229601
2773,14.759718116229601
2774,14.759718116229601
2775,14.759718116229601
2776,14.759718116229601
2777,14.759718116229601
2778,14.759718116229601
2779,14.759718116229601
2780,14.759718116229601
2781,14.759718116229601
2782,14.759718116229601
2783,14.759718116229601
2784,14.759718116229601
2785,14.759718116229601
2786,14.759718116229601
2787,14.759718116229601
2788,14.759718116229601
2789,14.759718116229601
2790,14.759718116229601
2791,14.759718116229601
2792,14.759718116229601
2793,14.759718116229601
2794,14.759718116229601
2795,14.759718116229601
2796,14.759718116229601
2797,14.759718116229601
2798,14.759718116229601
2799,14.759718116229601
2800,14.759718116229601
2801,14.759718116229601
2802,14.759718116229601
2803,14.759718116229601
2804,14.759718116229601
2805,14.759718116229601
2806,14.759718116229601
2807,14.759718116229601
2808,14.759718116229601
2809,14.759718116229601
2810,14.759718116229601
2811,14.759718116229601
2812,14.759718116229601
2813,14.759718116229601
2814,14.759718116229601
2815,14.759718116229601
2816,14.759718116229601
2817,14.759718116229601
2818,14.759718116229601
2819,14.759718116229601
2820,14.759718116229601
2821,14.759718116229601
2822,14.759718116229601
2823,14.759718116229601
2824,14.759718116229601
2825,14.759718116229601
2826,14.759718116229601
2827,14.759718116229601
2828,14.759718116229601
2829,14.759718116229601
2830,14.759718116229601
2831,14.759718116229601
2832,14.759718116229601
2833,14.759718116229601
2834,14.759718116229601
2835,14.759718116229601
2836,14.759718116229601
2837,14.759718116229601
2838,14.759718116229601
2839,14.759718116229601
2840,14.759718116229601
2841,14.759718116229601
2842,14.759718116229601
2843,14.759718116229601
2844,14.759718116229601
2845,14.759718116229601
2846,14.759718116229601
2847,14.759718116229601
2848,14.759718116229601
2849,14.759718116229601
2850,14.759718116229601
2851,14.759718116229601
2852,14.759718116229601
2853,14.759718116229601
2854,14.759718116229601
2855,14.759718116229601
2856,14.759718116229601
2857,14.759718116229601
2858,14.759718116229601
2859,14.759718116229601
2860,14.759718116229601
2861,14.759718116229601
2862,14.759718116229601
2863,14.759718116229601
2864,14.759718116229601
2865,14.759718116229601
2866,14.759718116229601
2867,14.759718116229601
2868,14.759718116229601
2869,14.759718116229601
2870,14.759718116229601
2871,14.759718116229601
2872,14.759718116229601
2873,14.759718116229601
2874,14.759718116229601
2875,14.759718116229601
2876,14.759718116229601
2877,14.759718116229601
2878,14.759718116229601
2879,14.759718116229601
2880,14.759718116229601
2881,14.759718116229601
2882,14.759718116229601
2883,14.759718116229601
2884,14.759718116229601
2885,14.759718116229601
2886,14.759718116229601
2887,14.759718116229601
2888,14.759718116229601
2889,14.759718116229601
2890,14.759718116229601
2891,14.759718116229601
2892,14.759718116229601
2893,14.759718116229601
2894,14.759718116229601
2895,14.759718116229601
2896,14.759718116229601
2897,14.759718116229601
2898,14.759718116229601
2899,14.759718116229601
2900,14.759718116229601
2901,14.759718116229601
2902,14.759718116229601
2903,14.759718116229601
2904,14.759718116229601
2905,14.759718116229601
2906,14.759718116229601
2907,14.759718116229601
2908,14.759718116229601
2909,14.759718116229601
2910,14.759718116229601
2911,14.759718116229601
2912,14.759718116229601
2913,14.759718116229601
2914,14.759718116229601
2915,14.759718116229601
2916,14.759718116229601
2917,14.759718116229601
2918,14.759718116229601
2919,14.759718116229601
2920,14.759718116229601
2921,14.759718116229601
2922,14.759718116229601
2923,14.759718116229601
2924,14.759718116229601
2925,14.759718116229601
2926,14.707474674132841
2927,14.707474674132841
2928,14.707474674132841
2929,14.58743499071655
2930,14.58743499071655
2931,14.58743499071655
2932,14.58743499071655
2933,14.58743499071655
2934,14.58743499071655
2935,14.58743499071655
2936,14.58743499071655
2937,14.58743499071655
2938,14.58743499071655
2939,14.58743499071655
2940,14.58743499071655
2941,14.58743499071655
2942,14.58743499071655
2943,14.58743499071655
2944,14.58743499071655
2945,14.58743499071655
2946,14.58743499071655
2947,14.58743499071655
2948,14.58743499071655
2949,14.58743499071655
2950,14.58743499071655
2951,14.58743499071655
2952,14.58743499071655
2953,14.545722099015014
2954,14.545722099015014
2955,14.517317246639434
2956,14.517317246639434
2957,14.487183508684685
2958,14.487183508684685
2959,14.373498128709896
2960,14.35695098014788
2961,14.35695098014788
2962,14.35695098014788
2963,14.35695098014788
2964,14.35695098014788
2965,14.35695098014788
2966,14.35695098014788
2967,14.35695098014788
2968,14.35695098014788
2969,14.34770981893809
2970,14.34770981893809
2971,14.333916273939428
2972,14.333916273939428
2973,14.333916273939428
2974,14.333916273939428
2975,14.333916273939428
2976,14.333916273939428
2977,14.333916273939428
2978,14.333916273939428
2979,14.333916273939428
2980,14.333916273939428
2981,14.333916273939428
2982,14.333916273939428
2983,14.333916273939428
2984,14.333916273939428
2985,14.333916273939428
2986,14.333916273939428
2987,14.333916273939428
2988,14.333916273939428
2989,14.333916273939428
2990,14.333916273939428
2991,14.333916273939428
2992,14.333916273939428
2993,14.333916273939428
2994,14.333916273939428
2995,14.333916273939428
2996,14.333916273939428
2997,14.333916273939428
2998,14.333916273939428
2999,14.333916273939428
3000,14.333916273939428
3001,14.333916273939428
3002,14.333916273939428
3003,14.333916273939428
3004,14.333916273939428
3005,14.333916273939428
3006,14.304295184012341
3007,14.304295184012341
3008,14.304295184012341
3009,14.304295184012341
3010,14.304295184012341
3011,14.304295184012341
3012,14.304295184012341
3013,14.304295184012341
3014,14.304295184012341
3015,14.304295184012341
3016,14.304295184012341
3017,14.304295184012341
3018,14.304295184012341
3019,14.304295184012341
3020,14.304295184012341
3021,14.304295184012341
3022,14.304295184012341
3023,14.304295184012341
3024,14.304295184012341
3025,14.304295184012341
3026,14.304295184012341
3027,14.304295184012341
3028,14.304295184012341
3029,14.304295184012341
3030,14.304295184012341
3031,14.304295184012341
3032,14.304295184012341
3033,14.304295184012341
3034,14.304295184012341
3035,14.304295184012341
3036,14.304295184012341
3037,14.304295184012341
3038,14.304295184012341
3039,14.304295184012341
3040,14.304295184012341
3041,14.304295184012341
3042,14.304295184012341
3043,14.304295184012341
3044,14.304295184012341
3045,14.304295184012341
3046,14.304295184012341
3047,14.304295184012341
3048,14.304295184012341
3049,14.304295184012341
3050,14.304295184012341
3051,14.304295184012341
3052,14.304295184012341
3053,14.304295184012341
3054,14.304295184012341
3055,14.304295184012341
3056,14.304295184012341
3057,14.304295184012341
3058,14.304295184012341
3059,14.304295184012341
3060,14.304295184012341
3061,14.304295184012341
3062,14.304295184012341
3063,14.304295184012341
3064,14.239789743828505
3065,14.20890362103811
3066,14.20890362103811
3067,13.944665395499811
3068,13.811835940698213
3069,13.811835940698213
3070,13.811835940698213
3071,13.811835940698213
3072,13.811835940698213
3073,13.811835940698213
3074,13.811835940698213
3075,13.811835940698213
3076,13.811835940698213
3077,13.811835940698213
3078,13.811835940698213
3079,13.811835940698213
3080,13.811835940698213
3081,13.811835940698213
3082,13.811835940698213
3083,13.811835940698213
3084,13.811835940698213
3085,13.811835940698213
3086,13.811835940698213
3087,13.811835940698213
3088,13.811835940698213
3089,13.811835940698213
3090,13.811835940698213
3091,13.811835940698213
3092,13.811835940698213
3093,13.811835940698213
3094,13.811835940698213
3095,13.811835940698213
3096,13.811835940698213
3097,13.811835940698213
3098,13.811835940698213
3099,13.811835940698213
3100,13.811835940698213
3101,13.811835940698213
3102,13.811835940698213
3103,13.811835940698213
3104,13.811835940698213
3105,13.811835940698213
3106,13.811835940698213
3107,13.811835940698213
3108,13.79761559989665
3109,13.79761559989665
3110,13.79761559989665
3111,13.79761559989665
3112,13.79761559989665
3113,13.79761559989665
3114,13.79761559989665
3115,13.79761559989665
3116,13.79761559989665
3117,13.79761559989665
3118,13.79761559989665
3119,13.79761559989665
3120,13.79761559989665
3121,13.79761559989665
3122,13.79761559989665
3123,13.79761559989665
3124,13.79761559989665
3125,13.79761559989665
3126,13.772927942866065
3127,13.772927942866065
3128,13.771376795729973
3129,13.771376795729973
3130,13.771376795729973
3131,13.771376795729973
3132,13.771376795729973
3133,13.771376795729973
3134,13.771376795729973
3135,13.771376795729973
3136,13.771376795729973
3137,13.771376795729973
3138,13.771376795729973
3139,13.771376795729973
3140,13.771376795729973
3141,13.771376795729973
3142,13.771376795729973
3143,13.771376795729973
3144,13.771376795729973
3145,13.771376795729973
3146,13.771376795729973
3147,13.771376795729973
3148,13.771376795729973
3149,13.771376795729973
3150,13.771376795729973
3151,13.771376795729973
3152,13.771376795729973
3153,13.771376795729973
3154,13.771376795729973
3155,13.771376795729973
3156,13.771376795729973
3157,13.771376795729973
3158,13.771376795729973
3159,13.771376795729973
3160,13.771376795729973
3161,13.771376795729973
3162,13.771376795729973
3163,13.771376795729973
3164,13.771376795729973
3165,13.771376795729973
3166,13.771376795729973
3167,13.771376795729973
3168,13.771376795729973
3169,13.771376795729973
3170,13.771376795729973
3171,13.771376795729973
3172,13.771376795729973
3173,13.771376795729973
3174,13.771376795729973
3175,13.771376795729973
3176,13.771376795729973
3177,13.771376795729973
3178,13.771376795729973
3179,13.771376795729973
3180,13.771376795729973
3181,13.771376795729973
3182,13.75358547751793
3183,13.75358547751793
3184,13.75358547751793
3185,13.75358547751793
3186,13.75358547751793
3187,13.75358547751793
3188,13.75358547751793
3189,13.75358547751793
3190,13.75358547751793
3191,13.75358547751793
3192,13.75358547751793
3193,13.75358547751793
3194,13.75358547751793
3195,13.75358547751793
3196,13.75358547751793
3197,13.75358547751793
3198,13.75358547751793
3199,13.75358547751793
3200,13.75358547751793
3201,13.75358547751793
3202,13.75358547751793
3203,13.75358547751793
3204,13.75358547751793
3205,13.75358547751793
3206,13.75358547751793
3207,13.75358547751793
3208,13.75358547751793
3209,13.75358547751793
3210,13.75358547751793
3211,13.75358547751793
3212,13.75358547751793
3213,13.75358547751793
3214,13.75358547751793
3215,13.75358547751793
3216,13.75358547751793
3217,13.75358547751793
3218,13.75358547751793
3219,13.75358547751793
3220,13.75358547751793
3221,13.75358547751793
3222,13.75358547751793
3223,13.75358547751793
3224,13.75358547751793
3225,13.75358547751793
3226,13.75358547751793
3227,13.75358547751793
3228,13.75358547751793
3229,13.75358547751793
3230,13.75358547751793
3231,13.75358547751793
3232,13.75358547751793
3233,13.75358547751793
3234,13.75358547751793
3235,13.75358547751793
3236,13.75358547751793
3237,13.75358547751793
3238,13.75358547751793
3239,13.75358547751793
3240,13.75358547751793
3241,13.75358547751793
3242,13.75358547751793
3243,13.75358547751793
3244,13.75358547751793
3245,13.75358547751793
3246,13.75358547751793
3247,13.75358547751793
3248,13.75358547751793
3249,13.75358547751793
3250,13.75358547751793
3251,13.75358547751793
3252,13.75358547751793
3253,13.75358547751793
3254,13.75358547751793
3255,13.75358547751793
3256,13.75358547751793
3257,13.75358547751793
3258,13.75358547751793
3259,13.75358547751793
3260,13.75358547751793
3261,13.75358547751793
3262,13.75358547751793
3263,13.75358547751793
3264,13.75358547751793
3265,13.75358547751793
3266,13.75358547751793
3267,13.75358547751793
3268,13.75358547751793
3269,13.75358547751793
3270,13.75358547751793
3271,13.75358547751793
3272,13.75358547751793
3273,13.75358547751793
3274,13.75358547751793
3275,13.75358547751793
3276,13.75358547751793
3277,13.75358547751793
3278,13.75358547751793
3279,13.75358547751793
3280,13.75358547751793
3281,13.75358547751793
3282,13.75358547751793
3283,13.75358547751793
3284,13.75358547751793
3285,13.75358547751793
3286,13.75358547751793
3287,13.75358547751793
3288,13.75358547751793
3289,13.75358547751793
3290,13.75358547751793
3291,13.75358547751793
3292,13.75358547751793
3293,13.75358547751793
3294,13.75358547751793
3295,13.75358547751793
3296,13.75358547751793
3297,13.75358547751793
3298,13.75358547751793
3299,13.75358547751793
3300,13.75358547751793
3301,13.75358547751793
3302,13.75358547751793
3303,13.75358547751793
3304,13.75358547751793
3305,13.75358547751793
3306,13.75358547751793
3307,13.75358547751793
3308,13.75358547751793
3309,13.75358547751793
3310,13.75358547751793
3311,13.75358547751793
3312,13.75358547751793
3313,13.75358547751793
3314,13.75358547751793
3315,13.75358547751793
3316,13.75358547751793
3317,13.75358547751793
3318,13.75358547751793
3319,13.75358547751793
3320,13.75358547751793
3321,13.75358547751793
3322,13.75358547751793
3323,13.75358547751793
3324,13.75358547751793
3325,13.75358547751793
3326,13.75358547751793
3327,13.75358547751793
3328,13.75358547751793
3329,13.75358547751793
3330,13.75358547751793
3331,13.75358547751793
3332,13.75358547751793
3333,13.75358547751793
3334,13.75358547751793
3335,13.75358547751793
3336,13.75358547751793
3337,13.75358547751793
3338,13.75358547751793
3339,13.75358547751793
3340,13.75358547751793
3341,13.75358547751793
3342,13.75358547751793
3343,13.75358547751793
3344,13.749980864947952
3345,13.749980864947952
3346,13.749980864947952
3347,13.749980864947952
3348,13.749980864947952
3349,13.749980864947952
3350,13.749980864947952
3351,13.749980864947952
3352,13.749980864947952
3353,13.749980864947952
3354,13.749980864947952
3355,13.749980864947952
3356,13.749980864947952
3357,13.652569384440108
3358,13.60924705147701
3359,13.60924705147701
3360,13.590472389375021
3361,13.590472389375021
3362,13.590472389375021
3363,13.590472389375021
3364,13.590472389375021
3365,13.590472389375021
3366,13.590472389375021
3367,13.590472389375021
3368,13.590472389375021
3369,13.590472389375021
3370,13.590472389375021
3371,13.590472389375021
3372,13.590472389375021
3373,13.590472389375021
3374,13.578175570190679
3375,13.578175570190679
3376,13.578175570190679
3377,13.578175570190679
3378,13.578175570190679
3379,13.578175570190679
3380,13.578175570190679
3381,13.578175570190679
3382,13.578175570190679
3383,13.578175570190679
3384,13.578175570190679
3385,13.578175570190679
3386,13.578175570190679
3387,13.578175570190679
3388,13.578175570190679
3389,13.578175570190679
3390,13.578175570190679
3391,13.578175570190679
3392,13.578175570190679
3393,13.578175570190679
3394,13.578175570190679
3395,13.578175570190679
3396,13.578175570190679
3397,13.578175570190679
3398,13.578175570190679
3399,13.578175570190679
3400,13.578175570190679
3401,13.578175570190679
3402,13.578175570190679
3403,13.578175570190679
3404,13.578175570190679
3405,13.578175570190679
3406,13.578175570190679
3407,13.578175570190679
3408,13.578175570190679
3409,13.578175570190679
3410,13.578175570190679
3411,13.578175570190679
3412,13.578175570190679
3413,13.578175570190679
3414,13.578175570190679
3415,13.578175570190679
3416,13.578175570190679
3417,13.578175570190679
3418,13.578175570190679
3419,13.578175570190679
3420,13.578175570190679
3421,13.578175570190679
3422,13.578175570190679
3423,13.578175570190679
3424,13.578175570190679
3425,13.578175570190679
3426,13.578175570190679
3427,13.578175570190679
3428,13.578175570190679
3429,13.578175570190679
3430,13.578175570190679
3431,13.578175570190679
3432,13.578175570190679
3433,13.578175570190679
3434,13.578175570190679
3435,13.578175570190679
3436,13.578175570190679
3437,13.578175570190679
3438,13.578175570190679
3439,13.578175570190679
3440,13.578175570190679
3441,13.578175570190679
3442,13.578175570190679
3443,13.578175570190679
3444,13.578175570190679
3445,13.578175570190679
3446,13.578175570190679
3447,13.578175570190679
3448,13.578175570190679
3449,13.578175570190679
3450,13.578175570190679
3451,13.578175570190679
3452,13.578175570190679
3453,13.578175570190679
3454,13.578175570190679
3455,13.578175570190679
3456,13.578175570190679
3457,13.578175570190679
3458,13.578175570190679
3459,13.578175570190679
3460,13.578175570190679
3461,13.578175570190679
3462,13.578175570190679
3463,13.578175570190679
3464,13.578175570190679
3465,13.578175570190679
3466,13.578175570190679
3467,13.578175570190679
3468,13.578175570190679
3469,13.578175570190679
3470,13.578175570190679
3471,13.536007640859031
3472,13.536007640859031
3473,13.536007640859031
3474,13.536007640859031
3475,13.536007640859031
3476,13.536007640859031
3477,13.536007640859031
3478,13.536007640859031
3479,13.536007640859031
3480,13.536007640859031
3481,13.536007640859031
3482,13.536007640859031
3483,13.536007640859031
3484,13.536007640859031
3485,13.536007640859031
3486,13.536007640859031
3487,13.536007640859031
3488,13.536007640859031
3489,13.536007640859031
3490,13.536007640859031
3491,13.536007640859031
3492,13.536007640859031
3493,13.536007640859031
3494,13.536007640859031
3495,13.536007640859031
3496,13.536007640859031
3497,13.536007640859031
3498,13.536007640859031
3499,13.536007640859031
3500,13.536007640859031
3501,13.536007640859031
3502,13.536007640859031
3503,13.536007640859031
3504,13.536007640859031
3505,13.536007640859031
3506,13.536007640859031
3507,13.536007640859031
3508,13.536007640859031
3509,13.536007640859031
3510,13.536007640859031
3511,13.536007640859031
3512,13.536007640859031
3513,13.536007640859031
3514,13.536007640859031
3515,13.536007640859031
3516,13.536007640859031
3517,13.536007640859031
3518,13.536007640859031
3519,13.536007640859031
3520,13.536007640859031
3521,13.536007640859031
3522,13.536007640859031
3523,13.536007640859031
3524,13.536007640859031
3525,13.536007640859031
3526,13.536007640859031
3527,13.536007640859031
3528,13.536007640859031
3529,13.536007640859031
3530,13.536007640859031
3531,13.536007640859031
3532,13.536007640859031
3533,13.536007640859031
3534,13.536007640859031
3535,13.536007640859031
3536,13.536007640859031
3537,13.536007640859031
3538,13.536007640859031
3539,13.536007640859031
3540,13.536007640859031
3541,13.536007640859031
3542,13.536007640859031
3543,13.536007640859031
3544,13.536007640859031
3545,13.536007640859031
3546,13.536007640859031
3547,13.536007640859031
3548,13.536007640859031
3549,13.536007640859031
3550,13.536007640859031
3551,13.536007640859031
3552,13.536007640859031
3553,13.536007640859031
3554,13.536007640859031
3555,13.536007640859031
3556,13.536007640859031
3557,13.536007640859031
3558,13.536007640859031
3559,13.536007640859031
3560,13.536007640859031
3561,13.536007640859031
3562,13.536007640859031
3563,13.536007640859031
3564,13.536007640859031
3565,13.536007640859031
3566,13.536007640859031
3567,13.536007640859031
3568,13.536007640859031
3569,13.536007640859031
3570,13.536007640859031
3571,13.499061582510661
3572,13.499061582510661
3573,13.499061582510661
3574,13.499061582510661
3575,13.499061582510661
3576,13.499061582510661
3577,13.499061582510661
3578,13.499061582510661
3579,13.499061582510661
3580,13.499061582510661
3581,13.499061582510661
3582,13.499061582510661
3583,13.499061582510661
3584,13.499061582510661
3585,13.499061582510661
3586,13.499061582510661
3587,13.499061582510661
3588,13.499061582510661
3589,13.499061582510661
3590,13.499061582510661
3591,13.499061582510661
3592,13.499061582510661
3593,13.499061582510661
3594,13.499061582510661
3595,13.499061582510661
3596,13.499061582510661
3597,13.499061582510661
3598,13.499061582510661
3599,13.499061582510661
3600,13.499061582510661
3601,13.499061582510661
3602,13.499061582510661
3603,13.499061582510661
3604,13.499061582510661
3605,13.499061582510661
3606,13.499061582510661
3607,13.499061582510661
3608,13.499061582510661
3609,13.499061582510661
3610,13.499061582510661
3611,13.499061582510661
3612,13.499061582510661
3613,13.499061582510661
3614,13.499061582510661
3615,13.499061582510661
3616,13.499061582510661
3617,13.499061582510661
3618,13.499061582510661
3619,13.499061582510661
3620,13.499061582510661
3621,13.499061582510661
3622,13.499061582510661
3623,13.499061582510661
3624,13.499061582510661
3625,13.499061582510661
3626,13.499061582510661
3627,13.499061582510661
3628,13.499061582510661
3629,13.499061582510661
3630,13.40901176430524
3631,13.40901176430524
3632,13.40901176430524
3633,13.40901176430524
3634,13.40901176430524
3635,13.40901176430524
3636,13.40901176430524
3637,13.40901176430524
3638,13.40901176430524
3639,13.40901176430524
3640,13.40901176430524
3641,13.40901176430524
3642,13.40901176430524
3643,13.40901176430524
3644,13.40901176430524
3645,13.40901176430524
3646,13.40901176430524
3647,13.40901176430524
3648,13.40901176430524
3649,13.40901176430524
3650,13.40901176430524
3651,13.40901176430524
3652,13.40901176430524
3653,13.40901176430524
3654,13.40901176430524
3655,13.40901176430524
3656,13.40901176430524
3657,13.40901176430524
3658,13.40901176430524
3659,13.40901176430524
3660,13.40901176430524
3661,13.40901176430524
3662,13.40901176430524
3663,13.40901176430524
3664,13.40901176430524
3665,13.40901176430524
3666,13.40901176430524
3667,13.40901176430524
3668,13.40901176430524
3669,13.40901176430524
3670,13.40901176430524
3671,13.40901176430524
3672,13.40901176430524
3673,13.40901176430524
3674,13.40901176430524
3675,13.40901176430524
3676,13.40901176430524
3677,13.40901176430524
3678,13.40901176430524
3679,13.40901176430524
3680,13.40901176430524
3681,13.40901176430524
3682,13.40901176430524
3683,13.40901176430524
3684,13.40901176430524
3685,13.40901176430524
3686,13.40901176430524
3687,13.40901176430524
3688,13.40901176430524
3689,13.40901176430524
3690,13.40901176430524
3691,13.40901176430524
3692,13.40901176430524
3693,13.40901176430524
3694,13.40901176430524
3695,13.40901176430524
3696,13.40901176430524
3697,13.40901176430524
3698,13.40901176430524
3699,13.40901176430524
3700,13.40901176430524
3701,13.40901176430524
3702,13.40901176430524
3703,13.40901176430524
3704,13.40901176430524
3705,13.40901176430524
3706,13.40901176430524
3707,13.40901176430524
3708,13.40901176430524
3709,13.40901176430524
3710,13.40901176430524
3711,13.40901176430524
3712,13.40901176430524
3713,13.40901176430524
3714,13.40901176430524
3715,13.40901176430524
3716,13.40901176430524
3717,13.40901176430524
3718,13.40901176430524
3719,13.40901176430524
3720,13.40901176430524
3721,13.40901176430524
3722,13.40901176430524
3723,13.40901176430524
3724,13.40901176430524
3725,13.40901176430524
3726,13.40901176430524
3727,13.40901176430524
3728,13.40901176430524
3729,13.40901176430524
3730,13.40901176430524
3731,13.40901176430524
3732,13.40901176430524
3733,13.40901176430524
3734,13.40901176430524
3735,13.40901176430524
3736,13.40901176430524
3737,13.40901176430524
3738,13.40901176430524
3739,13.40901176430524
3740,13.40901176430524
3741,13.40901176430524
3742,13.40901176430524
3743,13.40901176430524
3744,13.40901176430524
3745,13.40901176430524
3746,13.40901176430524
3747,13.40901176430524
3748,13.40901176430524
3749,13.40901176430524
3750,13.40901176430524
3751,13.40901176430524
3752,13.40901176430524
3753,13.348379070679803
3754,13.348379070679803
3755,13.348379070679803
3756,13.348379070679803
3757,13.348379070679803
3758,13.348379070679803
3759,13.348379070679803
3760,13.348379070679803
3761,13.348379070679803
3762,13.348379070679803
3763,13.348379070679803
3764,13.348379070679803
3765,13.348379070679803
3766,13.348379070679803
3767,13.348379070679803
3768,13.348379070679803
3769,13.348379070679803
3770,13.348379070679803
3771,13.348379070679803
3772,13.348379070679803
3773,13.348379070679803
3774,13.348379070679803
3775,13.348379070679803
3776,13.348379070679803
3777,13.348379070679803
3778,13.348379070679803
3779,13.348379070679803
3780,13.348379070679803
3781,13.348379070679803
3782,13.348379070679803
3783,13.348379070679803
3784,13.348379070679803
3785,13.348379070679803
3786,13.348379070679803
3787,13.348379070679803
3788,13.348379070679803
3789,13.348379070679803
3790,13.348379070679803
3791,13.348379070679803
3792,13.348379070679803
3793,13.348379070679803
3794,13.348379070679803
3795,13.348379070679803
3796,13.348379070679803
3797,13.348379070679803
3798,13.348379070679803
3799,13.348379070679803
3800,13.310757598647877
3801,13.310757598647877
3802,13.310757598647877
3803,13.310757598647877
3804,13.310757598647877
3805,13.310757598647877
3806,13.310757598647877
3807,13.310757598647877
3808,13.310757598647877
3809,13.310757598647877
3810,13.310757598647877
3811,13.310757598647877
3812,13.310757598647877
3813,13.310757598647877
3814,13.310757598647877
3815,13.310757598647877
3816,13.310757598647877
3817,13.310757598647877
3818,13.310757598647877
3819,13.310757598647877
3820,13.310757598647877
3821,13.310757598647877
3822,13.310757598647877
3823,13.310757598647877
3824,13.310757598647877
3825,13.310757598647877
3826,13.310757598647877
3827,13.310757598647877
3828,13.310757598647877
3829,13.310757598647877
3830,13.310757598647877
3831,13.310757598647877
3832,13.310757598647877
3833,13.310757598647877
3834,13.310757598647877
3835,13.310757598647877
3836,13.310757598647877
3837,13.310757598647877
3838,13.310757598647877
3839,13.310757598647877
3840,13.310757598647877
3841,13.310757598647877
3842,13.310757598647877
3843,13.310757598647877
3844,13.310757598647877
3845,13.310757598647877
3846,13.310757598647877
3847,13.310757598647877
3848,13.310757598647877
3849,13.310757598647877
3850,13.310757598647877
3851,13.310757598647877
3852,13.310757598647877
3853,13.310757598647877
3854,13.310757598647877
3855,13.310757598647877
3856,13.310757598647877
3857,13.310757598647877
3858,13.310757598647877
3859,13.310757598647877
3860,13.310757598647877
3861,13.310757598647877
3862,13.310757598647877
3863,13.310757598647877
3864,13.310757598647877
3865,13.310757598647877
3866,13.310757598647877
3867,13.310757598647877
3868,13.310757598647877
3869,13.310757598647877
3870,13.310757598647877
3871,13.310757598647877
3872,13.310757598647877
3873,13.310757598647877
3874,13.310757598647877
3875,13.310757598647877
3876,13.310757598647877
3877,13.310757598647877
3878,13.310757598647877
3879,13.310757598647877
3880,13.310757598647877
3881,13.310757598647877
3882,13.310757598647877
3883,13.310757598647877
3884,13.310757598647877
3885,13.310757598647877
3886,13.310757598647877
3887,13.310757598647877
3888,13.310757598647877
3889,13.310757598647877
3890,13.310757598647877
3891,13.310757598647877
3892,13.310757598647877
3893,13.310757598647877
3894,13.310757598647877
3895,13.310757598647877
3896,13.310757598647877
3897,13.310757598647877
3898,13.310757598647877
3899,13.310757598647877
3900,13.310757598647877
3901,13.310757598647877
3902,13.310757598647877
3903,13.310757598647877
3904,13.310757598647877
3905,13.310757598647877
3906,13.310757598647877
3907,13.310757598647877
3908,13.310757598647877
3909,13.310757598647877
3910,13.310757598647877
3911,13.310757598647877
3912,13.310757598647877
3913,13.310757598647877
3914,13.310757598647877
3915,13.310757598647877
3916,13.310757598647877
3917,13.310757598647877
3918,13.310757598647877
3919,13.310757598647877
3920,13.310757598647877
3921,13.310757598647877
3922,13.310757598647877
3923,13.310757598647877
3924,13.310757598647877
3925,13.310757598647877
3926,13.310757598647877
3927,13.310757598647877
3928,13.310757598647877
3929,13.310757598647877
3930,13.310757598647877
3931,13.310757598647877
3932,13.310757598647877
3933,13.310757598647877
3934,13.310757598647877
3935,13.310757598647877
3936,13.310757598647877
3937,13.310757598647877
3938,13.310757598647877
3939,13.310757598647877
3940,13.310757598647877
3941,13.240498019702638
3942,13.240498019702638
3943,13.240498019702638
3944,13.240498019702638
3945,13.240498019702638
3946,13.240498019702638
3947,13.240498019702638
3948,13.240498019702638
3949,13.240498019702638
3950,13.240498019702638
3951,13.240498019702638
3952,13.240498019702638
3953,13.240498019702638
3954,13.240498019702638
3955,13.240498019702638
3956,13.240498019702638
3957,13.240498019702638
3958,13.240498019702638
3959,13.240498019702638
3960,13.240498019702638
3961,13.240498019702638
3962,13.240498019702638
3963,13.240498019702638
3964,13.240498019702638
3965,13.240498019702638
3966,13.240498019702638
3967,13.240498019702638
3968,13.240498019702638
3969,13.240498019702638
3970,13.240498019702638
3971,13.240498019702638
3972,13.240498019702638
3973,13.240498019702638
3974,13.240498019702638
3975,13.240498019702638
3976,13.240498019702638
3977,13.240498019702638
3978,13.240498019702638
3979,13.240498019702638
3980,13.240498019702638
3981,13.240498019702638
3982,13.240498019702638
3983,13.240498019702638
3984,13.240498019702638
3985,13.240498019702638
3986,13.240498019702638
3987,13.240498019702638
3988,13.240498019702638
3989,13.240498019702638
3990,13.240498019702638
3991,13.240498019702638
3992,13.240498019702638
3993,13.240498019702638
3994,13.240498019702638
3995,13.240498019702638
3996,13.240498019702638
3997,13.240498019702638
3998,13.240498019702638
3999,13.240498019702638
4000,13.240498019702638
4001,13.240498019702638
4002,13.240498019702638
4003,13.240498019702638
4004,13.240498019702638
4005,13.240498019702638
4006,13.240498019702638
4007,13.240498019702638
4008,13.240498019702638
4009,13.240498019702638
4010,13.240498019702638
4011,13.240498019702638
4012,13.240498019702638
4013,13.240498019702638
4014,13.240498019702638
4015,13.240498019702638
4016,13.240498019702638
4017,13.240498019702638
4018,13.240498019702638
4019,13.240498019702638
4020,13.240498019702638
4021,13.240498019702638
4022,13.240498019702638
4023,13.240498019702638
4024,13.240498019702638
4025,13.240498019702638
4026,13.240498019702638
4027,13.240498019702638
4028,13.240498019702638
4029,13.240498019702638
4030,13.173137271948072
4031,13.173137271948072
4032,13.173137271948072
4033,13.173137271948072
4034,13.173137271948072
4035,13.142532184201123
4036,13.142532184201123
4037,13.142532184201123
4038,13.142532184201123
4039,13.142532184201123
4040,13.142532184201123
4041,13.142532184201123
4042,13.142532184201123
4043,13.142532184201123
4044,13.142532184201123
4045,13.142532184201123
4046,13.142532184201123
4047,13.142532184201123
4048,13.142532184201123
4049,13.142532184201123
4050,13.142532184201123
4051,13.142532184201123
4052,13.142532184201123
4053,13.142532184201123
4054,13.142532184201123
4055,13.142532184201123
4056,13.142532184201123
4057,13.142532184201123
4058,13.142532184201123
4059,13.142532184201123
4060,13.142532184201123
4061,13.142532184201123
4062,13.142532184201123
4063,13.142532184201123
4064,13.142532184201123
4065,13.142532184201123
4066,13.142532184201123
4067,13.142532184201123
4068,13.142532184201123
4069,13.142532184201123
4070,13.142532184201123
4071,13.142532184201123
4072,13.142532184201123
4073,13.142532184201123
4074,13.142532184201123
4075,13.142532184201123
4076,13.142532184201123
4077,13.142532184201123
4078,13.142532184201123
4079,13.142532184201123
4080,13.142532184201123
4081,13.142532184201123
4082,13.142532184201123
4083,13.142532184201123
4084,13.142532184201123
4085,13.142532184201123
4086,13.142532184201123
4087,13.142532184201123
4088,13.142532184201123
4089,13.142532184201123
4090,13.142532184201123
4091,13.142532184201123
4092,13.142532184201123
4093,13.142532184201123
4094,13.142532184201123
4095,13.142532184201123
4096,13.142532184201123
4097,13.142532184201123
4098,13.142532184201123
4099,13.142532184201123
4100,13.142532184201123
4101,13.142532184201123
4102,13.142532184201123
4103,13.142532184201123
4104,13.142532184201123
4105,13.142532184201123
4106,13.142532184201123
4107,13.142532184201123
4108,13.142532184201123
4109,13.142532184201123
4110,13.142532184201123
4111,13.142532184201123
4112,13.142532184201123
4113,13.142532184201123
4114,13.142532184201123
4115,13.142532184201123
4116,13.142532184201123
4117,13.142532184201123
4118,13.142532184201123
4119,13.142532184201123
4120,13.142532184201123
4121,13.142532184201123
4122,13.142532184201123
4123,13.142532184201123
4124,13.142532184201123
4125,13.127813829108536
4126,13.127813829108536
4127,13.028522307856472
4128,13.028522307856472
4129,13.028522307856472
4130,13.028522307856472
4131,13.028522307856472
4132,13.028522307856472
4133,13.028522307856472
4134,13.028522307856472
4135,13.028522307856472
4136,13.028522307856472
4137,13.028522307856472
4138,13.028522307856472
4139,13.028522307856472
4140,13.028522307856472
4141,13.028522307856472
4142,13.028522307856472
4143,13.028522307856472
4144,13.028522307856472
4145,13.028522307856472
4146,13.028522307856472
4147,13.028522307856472
4148,13.028522307856472
4149,13.028522307856472
4150,13.028522307856472
4151,13.028522307856472
4152,13.028522307856472
4153,13.003203665623936
4154,13.003203665623936
4155,13.003203665623936
4156,13.003203665623936
4157,13.003203665623936
4158,13.003203665623936
4159,13.003203665623936
4160,13.003203665623936
4161,13.003203665623936
4162,13.003203665623936
4163,13.003203665623936
4164,13.003203665623936
4165,13.003203665623936
4166,13.003203665623936
4167,13.003203665623936
4168,13.003203665623936
4169,13.003203665623936
4170,13.003203665623936
4171,13.003203665623936
4172,13.003203665623936
4173,13.003203665623936
4174,13.003203665623936
4175,13.003203665623936
4176,13.003203665623936
4177,13.003203665623936
4178,13.003203665623936
4179,13.003203665623936
4180,13.003203665623936
4181,13.003203665623936
4182,13.003203665623936
4183,13.003203665623936
4184,13.003203665623936
4185,13.003203665623936
4186,13.003203665623936
4187,13.003203665623936
4188,13.003203665623936
4189,13.003203665623936
4190,13.003203665623936
4191,13.003203665623936
4192,13.003203665623936
4193,13.003203665623936
4194,13.003203665623936
4195,13.003203665623936
4196,13.003203665623936
4197,12.913584350172696
4198,12.913584350172696
4199,12.913584350172696
4200,12.913584350172696
4201,12.913584350172696
4202,12.913584350172696
4203,12.913584350172696
4204,12.913584350172696
4205,12.913584350172696
4206,12.759358608074514
4207,12.759358608074514
4208,12.759358608074514
4209,12.759358608074514
4210,12.759358608074514
4211,12.759358608074514
4212,12.759358608074514
4213,12.759358608074514
4214,12.759358608074514
4215,12.759358608074514
4216,12.759358608074514
4217,12.759358608074514
4218,12.759358608074514
4219,12.759358608074514
4220,12.759358608074514
4221,12.759358608074514
4222,12.759358608074514
4223,12.759358608074514
4224,12.759358608074514
4225,12.759358608074514
4226,12.759358608074514
4227,12.759358608074514
4228,12.759358608074514
4229,12.759358608074514
4230,12.759358608074514
4231,12.759358608074514
4232,12.759358608074514
4233,12.759358608074514
4234,12.759358608074514
4235,12.759358608074514
4236,12.759358608074514
4237,12.759358608074514
4238,12.759358608074514
4239,12.759358608074514
4240,12.759358608074514
4241,12.759358608074514
4242,12.759358608074514
4243,12.759358608074514
4244,12.759358608074514
4245,12.759358608074514
4246,12.759358608074514
4247,12.759358608074514
4248,12.759358608074514
4249,12.759358608074514
4250,12.759358608074514
4251,12.759358608074514
4252,12.759358608074514
4253,12.759358608074514
4254,12.759358608074514
4255,12.759358608074514
4256,12.759358608074514
4257,12.759358608074514
4258,12.759358608074514
4259,12.759358608074514
4260,12.759358608074514
4261,12.759358608074514
4262,12.759358608074514
4263,12.759358608074514
4264,12.759358608074514
4265,12.759358608074514
4266,12.759358608074514
4267,12.759358608074514
4268,12.759358608074514
4269,12.759358608074514
4270,12.759358608074514
4271,12.759358608074514
4272,12.759358608074514
4273,12.759358608074514
4274,12.759358608074514
4275,12.759358608074514
4276,12.759358608074514
4277,12.759358608074514
4278,12.759358608074514
4279,12.759358608074514
4280,12.759358608074514
4281,12.759358608074514
4282,12.759358608074514
4283,12.759358608074514
4284,12.759358608074514
4285,12.759358608074514
4286,12.759358608074514
4287,12.759358608074514
4288,12.759358608074514
4289,12.759358608074514
4290,12.759358608074514
4291,12.759358608074514
4292,12.759358608074514
4293,12.759358608074514
4294,12.759358608074514
4295,12.759358608074514
4296,12.759358608074514
4297,12.759358608074514
4298,12.759358608074514
4299,12.759358608074514
4300,12.759358608074514
4301,12.759358608074514
4302,12.759358608074514
4303,12.759358608074514
4304,12.759358608074514
4305,12.759358608074514
4306,12.759358608074514
4307,12.759358608074514
4308,12.759358608074514
4309,12.759358608074514
4310,12.759358608074514
4311,12.759358608074514
4312,12.759358608074514
4313,12.759358608074514
4314,12.759358608074514
4315,12.759358608074514
4316,12.759358608074514
4317,12.759358608074514
4318,12.649062331443794
4319,12.649062331443794
4320,12.649062331443794
4321,12.649062331443794
4322,12.649062331443794
4323,12.649062331443794
4324,12.649062331443794
4325,12.649062331443794
4326,12.649062331443794
4327,12.649062331443794
4328,12.649062331443794
4329,12.649062331443794
4330,12.649062331443794
4331,12.649062331443794
4332,12.649062331443794
4333,12.649062331443794
4334,12.649062331443794
4335,12.649062331443794
4336,12.649062331443794
4337,12.649062331443794
4338,12.649062331443794
4339,12.649062331443794
4340,12.649062331443794
4341,12.649062331443794
4342,12.649062331443794
4343,12.649062331443794
4344,12.649062331443794
4345,12.649062331443794
4346,12.649062331443794
4347,12.649062331443794
4348,12.649062331443794
4349,12.649062331443794
4350,12.649062331443794
4351,12.649062331443794
4352,12.649062331443794
4353,12.649062331443794
4354,12.649062331443794
4355,12.649062331443794
4356,12.649062331443794
4357,12.649062331443794
4358,12.649062331443794
4359,12.649062331443794
4360,12.649062331443794
4361,12.649062331443794
4362,12.649062331443794
4363,12.649062331443794
4364,12.649062331443794
4365,12.649062331443794
4366,12.649062331443794
4367,12.649062331443794
4368,12.649062331443794
4369,12.649062331443794
4370,12.649062331443794
4371,12.649062331443794
4372,12.649062331443794
4373,12.649062331443794
4374,12.649062331443794
4375,12.649062331443794
4376,12.649062331443794
4377,12.649062331443794
4378,12.649062331443794
4379,12.649062331443794
4380,12.649062331443794
4381,12.649062331443794
4382,12.649062331443794
4383,12.649062331443794
4384,12.649062331443794
4385,12.649062331443794
4386,12.649062331443794
4387,12.649062331443794
4388,12.649062331443794
4389,12.649062331443794
4390,12.649062331443794
4391,12.649062331443794
4392,12.649062331443794
4393,12.649062331443794
4394,12.649062331443794
4395,12.649062331443794
4396,12.649062331443794
4397,12.649062331443794
4398,12.649062331443794
4399,12.649062331443794
4400,12.649062331443794
4401,12.649062331443794
4402,12.649062331443794
4403,12.649062331443794
4404,12.524551548822618
4405,12.524551548822618
4406,12.524551548822618
4407,12.524551548822618
4408,12.524551548822618
4409,12.524551548822618
4410,12.524551548822618
4411,12.524551548822618
4412,12.524551548822618
4413,12.524551548822618
4414,12.524551548822618
4415,12.524551548822618
4416,12.524551548822618
4417,12.524551548822618
4418,12.524551548822618
4419,12.524551548822618
4420,12.524551548822618
4421,12.524551548822618
4422,12.524551548822618
4423,12.524551548822618
4424,12.524551548822618
4425,12.524551548822618
4426,12.524551548822618
4427,12.524551548822618
4428,12.524551548822618
4429,12.524551548822618
4430,12.524551548822618
4431,12.524551548822618
4432,12.524551548822618
4433,12.524551548822618
4434,12.524551548822618
4435,12.524551548822618
4436,12.524551548822618
4437,12.524551548822618
4438,12.524551548822618
4439,12.524551548822618
4440,12.524551548822618
4441,12.524551548822618
4442,12.524551548822618
4443,12.524551548822618
4444,12.524551548822618
4445,12.524551548822618
4446,12.524551548822618
4447,12.524551548822618
4448,12.524551548822618
4449,12.524551548822618
4450,12.524551548822618
4451,12.524551548822618
4452,12.524551548822618
4453,12.524551548822618
4454,12.524551548822618
4455,12.524551548822618
4456,12.524551548822618
4457,12.524551548822618
4458,12.524551548822618
4459,12.524551548822618
4460,12.524551548822618
4461,12.524551548822618
4462,12.524551548822618
4463,12.524551548822618
4464,12.524551548822618
4465,12.524551548822618
4466,12.524551548822618
4467,12.524551548822618
4468,12.524551548822618
4469,12.524551548822618
4470,12.505154638960652
4471,12.505154638960652
4472,12.505154638960652
4473,12.505154638960652
4474,12.505154638960652
4475,12.505154638960652
4476,12.505154638960652
4477,12.505154638960652
4478,12.505154638960652
4479,12.505154638960652
4480,12.505154638960652
4481,12.505154638960652
4482,12.505154638960652
4483,12.505154638960652
4484,12.505154638960652
4485,12.505154638960652
4486,12.505154638960652
4487,12.505154638960652
4488,12.505154638960652
4489,12.505154638960652
4490,12.505154638960652
4491,12.18658753235589
4492,12.18658753235589
4493,11.94619776750115
4494,11.94619776750115
4495,11.94619776750115
4496,11.94619776750115
4497,11.94619776750115
4498,11.94619776750115
4499,11.94619776750115
4500,11.94619776750115
4501,11.94619776750115
4502,11.94619776750115
4503,11.94619776750115
4504,11.94619776750115
4505,11.94619776750115
4506,11.94619776750115
4507,11.94619776750115
4508,11.94619776750115
4509,11.94619776750115
4510,11.94619776750115
4511,11.94619776750115
4512,11.94619776750115
4513,11.94619776750115
4514,11.94619776750115
4515,11.94619776750115
4516,11.94619776750115
4517,11.94619776750115
4518,11.94619776750115
4519,11.94619776750115
4520,11.94619776750115
4521,11.94619776750115
4522,11.94619776750115
4523,11.94619776750115
4524,11.94619776750115
4525,11.94619776750115
4526,11.94619776750115
4527,11.94619776750115
4528,11.94619776750115
4529,11.94619776750115
4530,11.94619776750115
4531,11.94619776750115
4532,11.94619776750115
4533,11.94619776750115
4534,11.93699173304511
4535,11.93699173304511
4536,11.93699173304511
4537,11.93699173304511
4538,11.93699173304511
4539,11.93699173304511
4540,11.93699173304511
4541,11.93699173304511
4542,11.93699173304511
4543,11.93699173304511
4544,11.93699173304511
4545,11.93699173304511
4546,11.93699173304511
4547,11.93699173304511
4548,11.93699173304511
4549,11.93699173304511
4550,11.93699173304511
4551,11.93699173304511
4552,11.93699173304511
4553,11.93699173304511
4554,11.93699173304511
4555,11.93699173304511
4556,11.93699173304511
4557,11.93699173304511
4558,11.93699173304511
4559,11.93699173304511
4560,11.93699173304511
4561,11.93699173304511
4562,11.93699173304511
4563,11.93699173304511
4564,11.93699173304511
4565,11.93699173304511
4566,11.93699173304511
4567,11.93699173304511
4568,11.93699173304511
4569,11.93699173304511
4570,11.93699173304511
4571,11.93699173304511
4572,11.93699173304511
4573,11.93699173304511
4574,11.93699173304511
4575,11.93699173304511
4576,11.93699173304511
4577,11.93699173304511
4578,11.93699173304511
4579,11.93699173304511
4580,11.93699173304511
4581,11.93699173304511
4582,11.93699173304511
4583,11.93699173304511
4584,11.93699173304511
4585,11.93699173304511
4586,11.93699173304511
4587,11.93699173304511
4588,11.93699173304511
4589,11.93699173304511
4590,11.93699173304511
4591,11.93699173304511
4592,11.93699173304511
4593,11.93699173304511
4594,11.93699173304511
4595,11.93699173304511
4596,11.93699173304511
4597,11.93699173304511
4598,11.93699173304511
4599,11.93699173304511
4600,11.93699173304511
4601,11.93699173304511
4602,11.93699173304511
4603,11.93699173304511
4604,11.93699173304511
4605,11.93699173304511
4606,11.93699173304511
4607,11.93699173304511
4608,11.93699173304511
4609,11.93699173304511
4610,11.93699173304511
4611,11.93699173304511
4612,11.93699173304511
4613,11.93699173304511
4614,11.93699173304511
4615,11.93699173304511
4616,11.93699173304511
4617,11.93699173304511
4618,11.93699173304511
4619,11.93699173304511
4620,11.93699173304511
4621,11.93699173304511
4622,11.93699173304511
4623,11.93699173304511
4624,11.93699173304511
4625,11.93699173304511
4626,11.93699173304511
4627,11.93699173304511
4628,11.93699173304511
4629,11.93699173304511
4630,11.93699173304511
4631,11.93699173304511
4632,11.93699173304511
4633,11.93699173304511
4634,11.93699173304511
4635,11.93699173304511
4636,11.93699173304511
4637,11.93699173304511
4638,11.93699173304511
4639,11.93699173304511
4640,11.93699173304511
4641,11.93699173304511
4642,11.93699173304511
4643,11.93699173304511
4644,11.93699173304511
4645,11.93699173304511
4646,11.93699173304511
4647,11.93699173304511
4648,11.93699173304511
4649,11.93699173304511
4650,11.93699173304511
4651,11.93699173304511
4652,11.93699173304511
4653,11.93699173304511
4654,11.93699173304511
4655,11.93699173304511
4656,11.93699173304511
4657,11.93699173304511
4658,11.93699173304511
4659,11.93699173304511
4660,11.93699173304511
4661,11.93699173304511
4662,11.93699173304511
4663,11.93699173304511
4664,11.93699173304511
4665,11.93699173304511
4666,11.93699173304511
4667,11.93699173304511
4668,11.93699173304511
4669,11.93699173304511
4670,11.93699173304511
4671,11.93699173304511
4672,11.93699173304511
4673,11.93699173304511
4674,11.93699173304511
4675,11.93699173304511
4676,11.93699173304511
4677,11.93699173304511
4678,11.93699173304511
4679,11.93699173304511
4680,11.93699173304511
4681,11.93699173304511
4682,11.93699173304511
4683,11.93699173304511
4684,11.93699173304511
4685,11.93699173304511
4686,11.93699173304511
4687,11.93699173304511
4688,11.93699173304511
4689,11.93699173304511
4690,11.93699173304511
4691,11.93699173304511
4692,11.93699173304511
4693,11.93699173304511
4694,11.93699173304511
4695,11.93699173304511
4696,11.93699173304511
4697,11.93699173304511
4698,11.93699173304511
4699,11.93699173304511
4700,11.93699173304511
4701,11.93699173304511
4702,11.93699173304511
4703,11.93699173304511
4704,11.93699173304511
4705,11.93699173304511
4706,11.93699173304511
4707,11.93699173304511
4708,11.93699173304511
4709,11.93699173304511
4710,11.93699173304511
4711,11.93699173304511
4712,11.93699173304511
4713,11.93699173304511
4714,11.93699173304511
4715,11.93699173304511
4716,11.93699173304511
4717,11.93699173304511
4718,11.93699173304511
4719,11.93699173304511
4720,11.93699173304511
4721,11.93699173304511
4722,11.93699173304511
4723,11.93699173304511
4724,11.93699173304511
4725,11.93699173304511
4726,11.93699173304511
4727,11.93699173304511
4728,11.93699173304511
4729,11.93699173304511
4730,11.93699173304511
4731,11.93699173304511
4732,11.93699173304511
4733,11.93699173304511
4734,11.93699173304511
4735,11.93699173304511
4736,11.93699173304511
4737,11.93699173304511
4738,11.93699173304511
4739,11.93699173304511
4740,11.93699173304511
4741,11.93699173304511
4742,11.93699173304511
4743,11.93699173304511
4744,11.93699173304511
4745,11.93699173304511
4746,11.93699173304511
4747,11.93699173304511
4748,11.93699173304511
4749,11.93699173304511
4750,11.93699173304511
4751,11.93699173304511
4752,11.93699173304511
4753,11.93699173304511
4754,11.93699173304511
4755,11.93699173304511
4756,11.93699173304511
4757,11.93699173304511
4758,11.93699173304511
4759,11.93699173304511
4760,11.93699173304511
4761,11.93699173304511
4762,11.93699173304511
4763,11.93699173304511
4764,11.93699173304511
4765,11.93699173304511
4766,11.93699173304511
4767,11.93699173304511
4768,11.93699173304511
4769,11.93699173304511
4770,11.93699173304511
4771,11.93699173304511
4772,11.93699173304511
4773,11.93699173304511
4774,11.93699173304511
4775,11.93699173304511
4776,11.93699173304511
4777,11.93699173304511
4778,11.93699173304511
4779,11.93699173304511
4780,11.93699173304511
4781,11.93699173304511
4782,11.93699173304511
4783,11.93699173304511
4784,11.93699173304511
4785,11.93699173304511
4786,11.93699173304511
4787,11.93699173304511
4788,11.93699173304511
4789,11.93699173304511
4790,11.93699173304511
4791,11.93699173304511
4792,11.93699173304511
4793,11.93699173304511
4794,11.93699173304511
4795,11.93699173304511
4796,11.93699173304511
4797,11.925285721135678
4798,11.925285721135678
4799,11.925285721135678
4800,11.925285721135678
4801,11.925285721135678
4802,11.925285721135678
4803,11.925285721135678
4804,11.925285721135678
4805,11.925285721135678
4806,11.925285721135678
4807,11.925285721135678
4808,11.925285721135678
4809,11.925285721135678
4810,11.925285721135678
4811,11.925285721135678
4812,11.925285721135678
4813,11.925285721135678
4814,11.925285721135678
4815,11.925285721135678
4816,11.925285721135678
4817,11.925285721135678
4818,11.925285721135678
4819,11.925285721135678
4820,11.925285721135678
4821,11.925285721135678
4822,11.925285721135678
4823,11.925285721135678
4824,11.925285721135678
4825,11.925285721135678
4826,11.925285721135678
4827,11.925285721135678
4828,11.925285721135678
4829,11.925285721135678
4830,11.925285721135678
4831,11.925285721135678
4832,11.925285721135678
4833,11.925285721135678
4834,11.925285721135678
4835,11.925285721135678
4836,11.925285721135678
4837,11.925285721135678
4838,11.925285721135678
4839,11.925285721135678
4840,11.925285721135678
4841,11.925285721135678
4842,11.925285721135678
4843,11.925285721135678
4844,11.925285721135678
4845,11.925285721135678
4846,11.925285721135678
4847,11.925285721135678
4848,11.925285721135678
4849,11.925285721135678
4850,11.925285721135678
4851,11.925285721135678
4852,11.925285721135678
4853,11.925285721135678
4854,11.925285721135678
4855,11.925285721135678
4856,11.925285721135678
4857,11.925285721135678
4858,11.925285721135678
4859,11.925285721135678
4860,11.925285721135678
4861,11.925285721135678
4862,11.925285721135678
4863,11.925285721135678
4864,11.925285721135678
4865,11.925285721135678
4866,11.925285721135678
4867,11.925285721135678
4868,11.83324149843845
4869,11.83324149843845
4870,11.83324149843845
4871,11.83324149843845
4872,11.83324149843845
4873,11.83324149843845
4874,11.83324149843845
4875,11.83324149843845
4876,11.83324149843845
4877,11.83324149843845
4878,11.823688106235474
4879,11.823688106235474
4880,11.823688106235474
4881,11.823688106235474
4882,11.823688106235474
4883,11.823688106235474
4884,11.823688106235474
4885,11.823688106235474
4886,11.823688106235474
4887,11.823688106235474
4888,11.823688106235474
4889,11.823688106235474
4890,11.823688106235474
4891,11.823688106235474
4892,11.823688106235474
4893,11.823688106235474
4894,11.823688106235474
4895,11.823688106235474
4896,11.823688106235474
4897,11.823688106235474
4898,11.823688106235474
4899,11.823688106235474
4900,11.823688106235474
4901,11.823688106235474
4902,11.823688106235474
4903,11.823688106235474
4904,11.823688106235474
4905,11.823688106235474
4906,11.823688106235474
4907,11.823688106235474
4908,11.823688106235474
4909,11.823688106235474
4910,11.823688106235474
4911,11.823688106235474
4912,11.823688106235474
4913,11.823688106235474
4914,11.823688106235474
4915,11.823688106235474
4916,11.823688106235474
4917,11.823688106235474
4918,11.823688106235474
4919,11.823688106235474
4920,11.823688106235474
4921,11.823688106235474
4922,11.823688106235474
4923,11.823688106235474
4924,11.823688106235474
4925,11.823688106235474
4926,11.823688106235474
4927,11.823688106235474
4928,11.823688106235474
4929,11.823688106235474
4930,11.823688106235474
4931,11.823688106235474
4932,11.823688106235474
4933,11.823688106235474
4934,11.823688106235474
4935,11.823688106235474
4936,11.823688106235474
4937,11.823688106235474
4938,11.823688106235474
4939,11.823688106235474
4940,11.823688106235474
4941,11.823688106235474
4942,11.823688106235474
4943,11.823688106235474
4944,11.823688106235474
4945,11.823688106235474
4946,11.823688106235474
4947,11.823688106235474
4948,11.823688106235474
4949,11.823688106235474
4950,11.823688106235474
4951,11.823688106235474
4952,11.823688106235474
4953,11.823688106235474
4954,11.823688106235474
4955,11.823688106235474
4956,11.823688106235474
4957,11.823688106235474
4958,11.823688106235474
4959,11.823688106235474
4960,11.823688106235474
4961,11.823688106235474
4962,11.823688106235474
4963,11.823688106235474
4964,11.823688106235474
4965,11.823688106235474
4966,11.823688106235474
4967,11.823688106235474
4968,11.823688106235474
4969,11.823688106235474
4970,11.823688106235474
4971,11.823688106235474
4972,11.823688106235474
4973,11.823688106235474
4974,11.823688106235474
4975,11.823688106235474
4976,11.823688106235474
4977,11.823688106235474
4978,11.823688106235474
4979,11.823688106235474
4980,11.823688106235474
4981,11.823688106235474
4982,11.823688106235474
4983,11.823688106235474
4984,11.823688106235474
4985,11.823688106235474
4986,11.823688106235474
4987,11.823688106235474
4988,11.823688106235474
4989,11.823688106235474
4990,11.823688106235474
4991,11.823688106235474
4992,11.823688106235474
4993,11.823688106235474
4994,11.823688106235474
4995,11.823688106235474
4996,11.823688106235474
4997,11.823688106235474
4998,11.823688106235474
4999,11.823688106235474
5000,11.823688106235474
5001,11.823688106235474
5002,11.823688106235474
5003,11.823688106235474
5004,11.823688106235474
5005,11.823688106235474
5006,11.823688106235474
5007,11.823688106235474
5008,11.823688106235474
5009,11.823688106235474
5010,11.823688106235474
5011,11.823688106235474
5012,11.823688106235474
5013,11.823688106235474
5014,11.823688106235474
5015,11.823688106235474
5016,11.823688106235474
5017,11.823688106235474
5018,11.823688106235474
5019,11.823688106235474
5020,11.823688106235474
5021,11.823688106235474
5022,11.823688106235474
5023,11.823688106235474
5024,11.823688106235474
5025,11.823688106235474
5026,11.80303506726674
5027,11.80303506726674
5028,11.80303506726674
5029,11.80303506726674
5030,11.80303506726674
5031,11.80303506726674
5032,11.80303506726674
5033,11.80303506726674
5034,11.80303506726674
5035,11.80303506726674
5036,11.80303506726674
5037,11.80303506726674
5038,11.80303506726674
5039,11.80303506726674
5040,11.80303506726674
5041,11.80303506726674
5042,11.80303506726674
5043,11.80303506726674
5044,11.80303506726674
5045,11.80303506726674
5046,11.80303506726674
5047,11.80303506726674
5048,11.80303506726674
5049,11.80303506726674
5050,11.80303506726674
5051,11.80303506726674
5052,11.80303506726674
5053,11.80303506726674
5054,11.80303506726674
5055,11.80303506726674
5056,11.80303506726674
5057,11.80303506726674
5058,11.80303506726674
5059,11.80303506726674
5060,11.80303506726674
5061,11.80303506726674
5062,11.80303506726674
5063,11.80303506726674
5064,11.80303506726674
5065,11.80303506726674
5066,11.80303506726674
5067,11.80303506726674
5068,11.80303506726674
5069,11.80303506726674
5070,11.80303506726674
5071,11.80303506726674
5072,11.80303506726674
5073,11.80303506726674
5074,11.80303506726674
5075,11.80303506726674
5076,11.80303506726674
5077,11.80303506726674
5078,11.80303506726674
5079,11.80303506726674
5080,11.80303506726674
5081,11.80303506726674
5082,11.80303506726674
5083,11.80303506726674
5084,11.80303506726674
5085,11.80303506726674
5086,11.80303506726674
5087,11.80303506726674
5088,11.80303506726674
5089,11.80303506726674
5090,11.80303506726674
5091,11.80303506726674
5092,11.80303506726674
5093,11.80303506726674
5094,11.80303506726674
5095,11.80303506726674
5096,11.80303506726674
5097,11.80303506726674
5098,11.80303506726674
5099,11.80303506726674
5100,11.80303506726674
5101,11.80303506726674
5102,11.80303506726674
5103,11.80303506726674
5104,11.80303506726674
5105,11.80303506726674
5106,11.80303506726674
5107,11.80303506726674
5108,11.785496164428642
5109,11.785496164428642
5110,11.785496164428642
5111,11.76536794341631
5112,11.76536794341631
5113,11.76536794341631
5114,11.76536794341631
5115,11.76536794341631
5116,11.76536794341631
5117,11.76536794341631
5118,11.76536794341631
5119,11.76536794341631
5120,11.76536794341631
5121,11.76536794341631
5122,11.76536794341631
5123,11.76536794341631
5124,11.76536794341631
5125,11.76536794341631
5126,11.76536794341631
5127,11.76536794341631
5128,11.76536794341631
5129,11.76536794341631
5130,11.76536794341631
5131,11.76536794341631
5132,11.76536794341631
5133,11.76536794341631
5134,11.76536794341631
5135,11.76536794341631
5136,11.76536794341631
5137,11.76536794341631
5138,11.76536794341631
5139,11.76536794341631
5140,11.76536794341631
5141,11.76536794341631
5142,11.76536794341631
5143,11.76536794341631
5144,11.76536794341631
5145,11.76536794341631
5146,11.76536794341631
5147,11.76536794341631
5148,11.76536794341631
5149,11.76536794341631
5150,11.76536794341631
5151,11.76536794341631
5152,11.76536794341631
5153,11.76536794341631
5154,11.76536794341631
5155,11.76536794341631
5156,11.76536794341631
5157,11.76536794341631
5158,11.76536794341631
5159,11.76536794341631
5160,11.76536794341631
5161,11.76536794341631
5162,11.76536794341631
5163,11.76536794341631
5164,11.76536794341631
5165,11.76536794341631
5166,11.76536794341631
5167,11.76536794341631
5168,11.76536794341631
5169,11.76536794341631
5170,11.76536794341631
5171,11.76536794341631
5172,11.76536794341631
5173,11.76536794341631
5174,11.76536794341631
5175,11.76536794341631
5176,11.76536794341631
5177,11.76536794341631
5178,11.76536794341631
5179,11.76536794341631
5180,11.76536794341631
5181,11.76536794341631
5182,11.76536794341631
5183,11.76536794341631
5184,11.76536794341631
5185,11.76536794341631
5186,11.76536794341631
5187,11.76536794341631
5188,11.76536794341631
5189,11.76536794341631
5190,11.76536794341631
5191,11.76536794341631
5192,11.76536794341631
5193,11.76536794341631
5194,11.76536794341631
5195,11.76536794341631
5196,11.76536794341631
5197,11.76536794341631
5198,11.76536794341631
5199,11.76536794341631
5200,11.76536794341631
5201,11.76536794341631
5202,11.76536794341631
5203,11.76536794341631
5204,11.76536794341631
5205,11.76536794341631
5206,11.76536794341631
5207,11.76536794341631
5208,11.76536794341631
5209,11.76536794341631
5210,11.76536794341631
5211,11.76536794341631
5212,11.76536794341631
5213,11.76536794341631
5214,11.76536794341631
5215,11.76536794341631
5216,11.76536794341631
5217,11.76536794341631
5218,11.76536794341631
5219,11.76536794341631
5220,11.76536794341631
5221,11.76536794341631
5222,11.76536794341631
5223,11.76536794341631
5224,11.76536794341631
5225,11.76536794341631
5226,11.76536794341631
5227,11.76536794341631
5228,11.76536794341631
5229,11.76536794341631
5230,11.76536794341631
5231,11.76536794341631
5232,11.76536794341631
5233,11.76536794341631
5234,11.76536794341631
5235,11.76536794341631
5236,11.76536794341631
5237,11.76536794341631
5238,11.76536794341631
5239,11.76536794341631
5240,11.76536794341631
5241,11.76536794341631
5242,11.76536794341631
5243,11.76536794341631
5244,11.76536794341631
5245,11.76536794341631
5246,11.76536794341631
5247,11.76536794341631
5248,11.76536794341631
5249,11.76536794341631
5250,11.76536794341631
5251,11.76536794341631
5252,11.76536794341631
5253,11.76536794341631
5254,11.76536794341631
5255,11.76536794341631
5256,11.76536794341631
5257,11.76536794341631
5258,11.76536794341631
5259,11.76536794341631
5260,11.76536794341631
5261,11.76536794341631
5262,11.76536794341631
5263,11.76536794341631
5264,11.76536794341631
5265,11.76536794341631
5266,11.76536794341631
5267,11.76536794341631
5268,11.76536794341631
5269,11.76536794341631
5270,11.76536794341631
5271,11.76536794341631
5272,11.76536794341631
5273,11.76536794341631
5274,11.76536794341631
5275,11.76536794341631
5276,11.76536794341631
5277,11.76536794341631
5278,11.76536794341631
5279,11.76536794341631
5280,11.76536794341631
5281,11.76536794341631
5282,11.76536794341631
5283,11.76536794341631
5284,11.76536794341631
5285,11.76536794341631
5286,11.76536794341631
5287,11.76536794341631
5288,11.76536794341631
5289,11.580206252918124
5290,11.580206252918124
5291,11.580206252918124
5292,11.580206252918124
5293,11.580206252918124
5294,11.580206252918124
5295,11.580206252918124
5296,11.580206252918124
5297,11.580206252918124
5298,11.580206252918124
5299,11.580206252918124
5300,11.580206252918124
5301,11.580206252918124
5302,11.580206252918124
5303,11.580206252918124
5304,11.580206252918124
5305,11.580206252918124
5306,11.580206252918124
5307,11.580206252918124
5308,11.580206252918124
5309,11.580206252918124
5310,11.580206252918124
5311,11.580206252918124
5312,11.580206252918124
5313,11.580206252918124
5314,11.580206252918124
5315,11.580206252918124
5316,11.580206252918124
5317,11.580206252918124
5318,11.580206252918124
5319,11.580206252918124
5320,11.580206252918124
5321,11.580206252918124
5322,11.580206252918124
5323,11.580206252918124
5324,11.580206252918124
5325,11.580206252918124
5326,11.580206252918124
5327,11.580206252918124
5328,11.580206252918124
5329,11.580206252918124
5330,11.580206252918124
5331,11.580206252918124
5332,11.580206252918124
5333,11.580206252918124
5334,11.580206252918124
5335,11.580206252918124
5336,11.580206252918124
5337,11.580206252918124
5338,11.580206252918124
5339,11.580206252918124
5340,11.580206252918124
5341,11.580206252918124
5342,11.580206252918124
5343,11.580206252918124
5344,11.580058117280075
5345,11.580058117280075
5346,11.580058117280075
5347,11.580058117280075
5348,11.580058117280075
5349,11.580058117280075
5350,11.580058117280075
5351,11.580058117280075
5352,11.580058117280075
5353,11.580058117280075
5354,11.580058117280075
5355,11.580058117280075
5356,11.580058117280075
5357,11.580058117280075
5358,11.580058117280075
5359,11.580058117280075
5360,11.580058117280075
5361,11.580058117280075
5362,11.580058117280075
5363,11.580058117280075
5364,11.580058117280075
5365,11.580058117280075
5366,11.580058117280075
5367,11.580058117280075
5368,11.580058117280075
5369,11.580058117280075
5370,11.580058117280075
5371,11.580058117280075
5372,11.580058117280075
5373,11.580058117280075
5374,11.580058117280075
5375,11.580058117280075
5376,11.580058117280075
5377,11.580058117280075
5378,11.580058117280075
5379,11.580058117280075
5380,11.580058117280075
5381,11.580058117280075
5382,11.580058117280075
5383,11.580058117280075
5384,11.580058117280075
5385,11.580058117280075
5386,11.580058117280075
5387,11.580058117280075
5388,11.580058117280075
5389,11.580058117280075
5390,11.580058117280075
5391,11.580058117280075
5392,11.580058117280075
5393,11.580058117280075
5394,11.580058117280075
5395,11.580058117280075
5396,11.580058117280075
5397,11.580058117280075
5398,11.580058117280075
5399,11.580058117280075
5400,11.580058117280075
5401,11.580058117280075
5402,11.580058117280075
5403,11.580058117280075
5404,11.580058117280075
5405,11.580058117280075
5406,11.580058117280075
5407,11.580058117280075
5408,11.580058117280075
5409,11.580058117280075
5410,11.580058117280075
5411,11.580058117280075
5412,11.580058117280075
5413,11.580058117280075
5414,11.580058117280075
5415,11.580058117280075
5416,11.580058117280075
5417,11.580058117280075
5418,11.580058117280075
5419,11.580058117280075
5420,11.580058117280075
5421,11.580058117280075
5422,11.580058117280075
5423,11.580058117280075
5424,11.580058117280075
5425,11.580058117280075
5426,11.580058117280075
5427,11.580058117280075
5428,11.580058117280075
5429,11.580058117280075
5430,11.580058117280075
5431,11.580058117280075
5432,11.580058117280075
5433,11.580058117280075
5434,11.580058117280075
5435,11.580058117280075
5436,11.580058117280075
5437,11.580058117280075
5438,11.580058117280075
5439,11.580058117280075
5440,11.580058117280075
5441,11.580058117280075
5442,11.580058117280075
5443,11.580058117280075
5444,11.580058117280075
5445,11.580058117280075
5446,11.580058117280075
5447,11.580058117280075
5448,11.580058117280075
5449,11.580058117280075
5450,11.580058117280075
5451,11.580058117280075
5452,11.580058117280075
5453,11.580058117280075
5454,11.580058117280075
5455,11.580058117280075
5456,11.580058117280075
5457,11.580058117280075
5458,11.580058117280075
5459,11.580058117280075
5460,11.580058117280075
5461,11.580058117280075
5462,11.580058117280075
5463,11.580058117280075
5464,11.580058117280075
5465,11.580058117280075
5466,11.580058117280075
5467,11.580058117280075
5468,11.580058117280075
5469,11.580058117280075
5470,11.580058117280075
5471,11.580058117280075
5472,11.580058117280075
5473,11.580058117280075
5474,11.580058117280075
5475,11.580058117280075
5476,11.580058117280075
5477,11.580058117280075
5478,11.580058117280075
5479,11.580058117280075
5480,11.580058117280075
5481,11.580058117280075
5482,11.580058117280075
5483,11.580058117280075
5484,11.580058117280075
5485,11.580058117280075
5486,11.580058117280075
5487,11.580058117280075
5488,11.580058117280075
5489,11.580058117280075
5490,11.580058117280075
5491,11.580058117280075
5492,11.580058117280075
5493,11.580058117280075
5494,11.580058117280075
5495,11.580058117280075
5496,11.580058117280075
5497,11.580058117280075
5498,11.580058117280075
5499,11.580058117280075
5500,11.580058117280075
5501,11.580058117280075
5502,11.580058117280075
5503,11.580058117280075
5504,11.580058117280075
5505,11.580058117280075
5506,11.580058117280075
5507,11.580058117280075
5508,11.580058117280075
5509,11.580058117280075
5510,11.580058117280075
5511,11.580058117280075
5512,11.580058117280075
5513,11.580058117280075
5514,11.580058117280075
5515,11.580058117280075
5516,11.580058117280075
5517,11.580058117280075
5518,11.580058117280075
5519,11.580058117280075
5520,11.580058117280075
5521,11.580058117280075
5522,11.580058117280075
5523,11.580058117280075
5524,11.580058117280075
5525,11.580058117280075
5526,11.580058117280075
5527,11.580058117280075
5528,11.580058117280075
5529,11.580058117280075
5530,11.580058117280075
5531,11.580058117280075
5532,11.580058117280075
5533,11.580058117280075
5534,11.580058117280075
5535,11.580058117280075
5536,11.580058117280075
5537,11.580058117280075
5538,11.580058117280075
5539,11.580058117280075
5540,11.580058117280075
5541,11.580058117280075
5542,11.580058117280075
5543,11.580058117280075
5544,11.580058117280075
5545,11.580058117280075
5546,11.580058117280075
5547,11.580058117280075
5548,11.580058117280075
5549,11.580058117280075
5550,11.580058117280075
5551,11.580058117280075
5552,11.580058117280075
5553,11.580058117280075
5554,11.580058117280075
5555,11.580058117280075
5556,11.580058117280075
5557,11.580058117280075
5558,11.580058117280075
5559,11.580058117280075
5560,11.580058117280075
5561,11.580058117280075
5562,11.580058117280075
5563,11.580058117280075
5564,11.580058117280075
5565,11.580058117280075
5566,11.580058117280075
5567,11.580058117280075
5568,11.580058117280075
5569,11.580058117280075
5570,11.580058117280075
5571,11.580058117280075
5572,11.580058117280075
5573,11.580058117280075
5574,11.580058117280075
5575,11.580058117280075
5576,11.580058117280075
5577,11.580058117280075
5578,11.570536874511971
5579,11.570536874511971
5580,11.570536874511971
5581,11.570536874511971
5582,11.570536874511971
5583,11.570536874511971
5584,11.570536874511971
5585,11.570536874511971
5586,11.570536874511971
5587,11.570536874511971
5588,11.570536874511971
5589,11.570536874511971
5590,11.570536874511971
5591,11.570536874511971
5592,11.570536874511971
5593,11.570536874511971
5594,11.570536874511971
5595,11.570536874511971
5596,11.570536874511971
5597,11.570536874511971
5598,11.570536874511971
5599,11.570536874511971
5600,11.570536874511971
5601,11.570536874511971
5602,11.570536874511971
5603,11.570536874511971
5604,11.570536874511971
5605,11.570536874511971
5606,11.570536874511971
5607,11.570536874511971
5608,11.570536874511971
5609,11.570536874511971
5610,11.570536874511971
5611,11.570536874511971
5612,11.570536874511971
5613,11.570536874511971
5614,11.570536874511971
5615,11.570536874511971
5616,11.570536874511971
5617,11.570536874511971
5618,11.570536874511971
5619,11.570536874511971
5620,11.570536874511971
5621,11.570536874511971
5622,11.570536874511971
5623,11.570536874511971
5624,11.570536874511971
5625,11.570536874511971
5626,11.570536874511971
5627,11.570536874511971
5628,11.570536874511971
5629,11.570536874511971
5630,11.570536874511971
5631,11.570536874511971
5632,11.570536874511971
5633,11.570536874511971
5634,11.570536874511971
5635,11.570536874511971
5636,11.570536874511971
5637,11.570536874511971
5638,11.570536874511971
5639,11.570536874511971
5640,11.570536874511971
5641,11.570536874511971
5642,11.570536874511971
5643,11.570536874511971
5644,11.570536874511971
5645,11.570536874511971
5646,11.570536874511971
5647,11.570536874511971
5648,11.570536874511971
5649,11.570536874511971
5650,11.570536874511971
5651,11.570536874511971
5652,11.570536874511971
5653,11.570536874511971
5654,11.570536874511971
5655,11.570536874511971
5656,11.570536874511971
5657,11.570536874511971
5658,11.570536874511971
5659,11.570536874511971
5660,11.570536874511971
5661,11.570536874511971
5662,11.570536874511971
5663,11.570536874511971
5664,11.570536874511971
5665,11.570536874511971
5666,11.570536874511971
5667,11.570536874511971
5668,11.570536874511971
5669,11.570536874511971
5670,11.570536874511971
5671,11.570536874511971
5672,11.570536874511971
5673,11.570536874511971
5674,11.570536874511971
5675,11.570536874511971
5676,11.570536874511971
5677,11.570536874511971
5678,11.570536874511971
5679,11.570536874511971
5680,11.570536874511971
5681,11.570536874511971
5682,11.570536874511971
5683,11.570536874511971
5684,11.570536874511971
5685,11.570536874511971
5686,11.570536874511971
5687,11.570536874511971
5688,11.570536874511971
5689,11.570536874511971
5690,11.570536874511971
5691,11.570536874511971
5692,11.570536874511971
5693,11.570536874511971
5694,11.570536874511971
5695,11.570536874511971
5696,11.570536874511971
5697,11.570536874511971
5698,11.570536874511971
5699,11.570536874511971
5700,11.570536874511971
5701,11.570536874511971
5702,11.570536874511971
5703,11.570536874511971
5704,11.570536874511971
5705,11.570536874511971
5706,11.570536874511971
5707,11.570536874511971
5708,11.570536874511971
5709,11.570536874511971
5710,11.570536874511971
5711,11.570536874511971
5712,11.570536874511971
5713,11.570536874511971
5714,11.570536874511971
5715,11.570536874511971
5716,11.570536874511971
5717,11.570536874511971
5718,11.570536874511971
5719,11.570536874511971
5720,11.570536874511971
5721,11.570536874511971
5722,11.570536874511971
5723,11.570536874511971
5724,11.570536874511971
5725,11.570536874511971
5726,11.570536874511971
5727,11.570536874511971
5728,11.570536874511971
5729,11.570536874511971
5730,11.570536874511971
5731,11.570536874511971
5732,11.570536874511971
5733,11.570536874511971
5734,11.570536874511971
5735,11.570536874511971
5736,11.570536874511971
5737,11.570536874511971
5738,11.570536874511971
5739,11.570536874511971
5740,11.570536874511971
5741,11.570536874511971
5742,11.570536874511971
5743,11.570536874511971
5744,11.570536874511971
5745,11.570536874511971
5746,11.570536874511971
5747,11.570536874511971
5748,11.570536874511971
5749,11.570536874511971
5750,11.570536874511971
5751,11.570536874511971
5752,11.570536874511971
5753,11.570536874511971
5754,11.570536874511971
5755,11.570536874511971
5756,11.570536874511971
5757,11.570536874511971
5758,11.570536874511971
5759,11.570536874511971
5760,11.570536874511971
5761,11.570536874511971
5762,11.570536874511971
5763,11.570536874511971
5764,11.570536874511971
5765,11.570536874511971
5766,11.570536874511971
5767,11.570536874511971
5768,11.570536874511971
5769,11.570536874511971
5770,11.570536874511971
5771,11.570536874511971
5772,11.570536874511971
5773,11.570536874511971
5774,11.570536874511971
5775,11.570536874511971
5776,11.570536874511971
5777,11.570536874511971
5778,11.570536874511971
5779,11.570536874511971
5780,11.570536874511971
5781,11.570536874511971
5782,11.570536874511971
5783,11.570536874511971
5784,11.570536874511971
5785,11.570536874511971
5786,11.570536874511971
5787,11.570536874511971
5788,11.570536874511971
5789,11.570536874511971
5790,11.570536874511971
5791,11.570536874511971
5792,11.570536874511971
5793,11.408973943387485
5794,11.408973943387485
5795,11.408973943387485
5796,11.408973943387485
5797,11.408973943387485
5798,11.408973943387485
5799,11.408973943387485
5800,11.408973943387485
5801,11.408973943387485
5802,11.408973943387485
5803,11.408973943387485
5804,11.408973943387485
5805,11.408973943387485
5806,11.408973943387485
5807,11.408973943387485
5808,11.408973943387485
5809,11.408973943387485
5810,11.408973943387485
5811,11.408973943387485
5812,11.408973943387485
5813,11.408973943387485
5814,11.408973943387485
5815,11.408973943387485
5816,11.408973943387485
5817,11.408973943387485
5818,11.408973943387485
5819,11.408973943387485
5820,11.408973943387485
5821,11.408973943387485
5822,11.408973943387485
5823,11.408973943387485
5824,11.408973943387485
5825,11.408973943387485
5826,11.408973943387485
5827,11.408973943387485
5828,11.408973943387485
5829,11.408973943387485
5830,11.408973943387485
5831,11.408973943387485
5832,11.408973943387485
5833,11.408973943387485
5834,11.408973943387485
5835,11.408973943387485
5836,11.408973943387485
5837,11.408973943387485
5838,11.408973943387485
5839,11.408973943387485
5840,11.408973943387485
5841,11.408973943387485
5842,11.408973943387485
5843,11.408973943387485
5844,11.408973943387485
5845,11.408973943387485
5846,11.408973943387485
5847,11.408973943387485
5848,11.408973943387485
5849,11.408973943387485
5850,11.408973943387485
5851,11.408973943387485
5852,11.408973943387485
5853,11.408973943387485
5854,11.408973943387485
5855,11.408973943387485
5856,11.408973943387485
5857,11.408973943387485
5858,11.408973943387485
5859,11.408973943387485
5860,11.408973943387485
5861,11.408973943387485
5862,11.408973943387485
5863,11.408973943387485
5864,11.408973943387485
5865,11.408973943387485
5866,11.408973943387485
5867,11.408973943387485
5868,11.408973943387485
5869,11.408973943387485
5870,11.408973943387485
5871,11.408973943387485
5872,11.408973943387485
5873,11.408973943387485
5874,11.408973943387485
5875,11.408973943387485
5876,11.408973943387485
5877,11.408973943387485
5878,11.408973943387485
5879,11.408973943387485
5880,11.408973943387485
5881,11.408973943387485
5882,11.408973943387485
5883,11.408973943387485
5884,11.408973943387485
5885,11.408973943387485
5886,11.408973943387485
5887,11.408973943387485
5888,11.408973943387485
5889,11.408973943387485
5890,11.408973943387485
5891,11.408973943387485
5892,11.408973943387485
5893,11.408973943387485
5894,11.408973943387485
5895,11.408973943387485
5896,11.408973943387485
5897,11.408973943387485
5898,11.408973943387485
5899,11.408973943387485
5900,11.408973943387485
5901,11.408973943387485
5902,11.408973943387485
5903,11.408973943387485
5904,11.408973943387485
5905,11.408973943387485
5906,11.408973943387485
5907,11.408973943387485
5908,11.408973943387485
5909,11.408973943387485
5910,11.408973943387485
5911,11.408973943387485
5912,11.408973943387485
5913,11.408973943387485
5914,11.408973943387485
5915,11.408973943387485
5916,11.408973943387485
5917,11.408973943387485
5918,11.408973943387485
5919,11.408973943387485
5920,11.408973943387485
5921,11.408973943387485
5922,11.408973943387485
5923,11.408973943387485
5924,11.408973943387485
5925,11.408973943387485
5926,11.408973943387485
5927,11.408973943387485
5928,11.408973943387485
5929,11.408973943387485
5930,11.408973943387485
5931,11.408973943387485
5932,11.408973943387485
5933,11.408973943387485
5934,11.408973943387485
5935,11.408973943387485
5936,11.408973943387485
5937,11.408973943387485
5938,11.408973943387485
5939,11.408973943387485
5940,11.408973943387485
5941,11.408973943387485
5942,11.408973943387485
5943,11.408973943387485
5944,11.408973943387485
5945,11.408973943387485
5946,11.408973943387485
5947,11.408973943387485
5948,11.408973943387485
5949,11.408973943387485
5950,11.408973943387485
5951,11.408973943387485
5952,11.408973943387485
5953,11.408973943387485
5954,11.408973943387485
5955,11.408973943387485
5956,11.408973943387485
5957,11.408973943387485
5958,11.405200618049195
5959,11.405200618049195
5960,11.405200618049195
5961,11.405200618049195
5962,11.405200618049195
5963,11.405200618049195
5964,11.405200618049195
5965,11.405200618049195
5966,11.405200618049195
5967,11.405200618049195
5968,11.405200618049195
5969,11.405200618049195
5970,11.405200618049195
5971,11.405200618049195
5972,11.405200618049195
5973,11.405200618049195
5974,11.405200618049195
5975,11.405200618049195
5976,11.405200618049195
5977,11.405200618049195
5978,11.405200618049195
5979,11.405200618049195
5980,11.405200618049195
5981,11.405200618049195
5982,11.405200618049195
5983,11.405200618049195
5984,11.405200618049195
5985,11.405200618049195
5986,11.405200618049195
5987,11.405200618049195
5988,11.405200618049195
5989,11.405200618049195
5990,11.405200618049195
5991,11.405200618049195
5992,11.405200618049195
5993,11.405200618049195
5994,11.405200618049195
5995,11.405200618049195
5996,11.405200618049195
5997,11.405200618049195
5998,11.405200618049195
5999,11.405200618049195
6000,11.405200618049195
6001,11.405200618049195
6002,11.405200618049195
6003,11.405200618049195
6004,11.405200618049195
6005,11.405200618049195
6006,11.405200618049195
6007,11.405200618049195
6008,11.405200618049195
6009,11.405200618049195
6010,11.40448531426463
6011,11.40448531426463
6012,11.40448531426463
6013,11.40448531426463
6014,11.40448531426463
6015,11.40448531426463
6016,11.40448531426463
6017,11.40448531426463
6018,11.40448531426463
6019,11.40448531426463
6020,11.40448531426463
6021,11.40448531426463
6022,11.40448531426463
6023,11.40448531426463
6024,11.40448531426463
6025,11.40448531426463
6026,11.40448531426463
6027,11.40448531426463
6028,11.40448531426463
6029,11.40448531426463
6030,11.40448531426463
6031,11.40448531426463
6032,11.40448531426463
6033,11.40448531426463
6034,11.40448531426463
6035,11.40448531426463
6036,11.40448531426463
6037,11.40448531426463
6038,11.40448531426463
6039,11.40448531426463
6040,11.40448531426463
6041,11.40448531426463
6042,11.40448531426463
6043,11.40448531426463
6044,11.40448531426463
6045,11.40448531426463
6046,11.40448531426463
6047,11.40448531426463
6048,11.40448531426463
6049,11.40448531426463
6050,11.40448531426463
6051,11.40448531426463
6052,11.40448531426463
6053,11.40448531426463
6054,11.40448531426463
6055,11.40448531426463
6056,11.40448531426463
6057,11.40448531426463
6058,11.40448531426463
6059,11.40448531426463
6060,11.40448531426463
6061,11.40448531426463
6062,11.40448531426463
6063,11.40448531426463
6064,11.381479811534925
6065,11.381479811534925
6066,11.381479811534925
6067,11.381479811534925
6068,11.381479811534925
6069,11.381479811534925
6070,11.381479811534925
6071,11.381479811534925
6072,11.381479811534925
6073,11.381479811534925
6074,11.381479811534925
6075,11.381479811534925
6076,11.381479811534925
6077,11.381479811534925
6078,11.381479811534925
6079,11.381479811534925
6080,11.381479811534925
6081,11.381479811534925
6082,11.381479811534925
6083,11.381479811534925
6084,11.381479811534925
6085,11.381479811534925
6086,11.381479811534925
6087,11.381479811534925
6088,11.381479811534925
6089,11.381479811534925
6090,11.381479811534925
6091,11.381479811534925
6092,11.381479811534925
6093,11.381479811534925
6094,11.381479811534925
6095,11.381479811534925
6096,11.381479811534925
6097,11.381479811534925
6098,11.381479811534925
6099,11.381479811534925
6100,11.381479811534925
6101,11.381479811534925
6102,11.381479811534925
6103,11.381479811534925
6104,11.381479811534925
6105,11.381479811534925
6106,11.381479811534925
6107,11.381479811534925
6108,11.381479811534925
6109,11.381479811534925
6110,11.381479811534925
6111,11.381479811534925
6112,11.381479811534925
6113,11.381479811534925
6114,11.381479811534925
6115,11.381479811534925
6116,11.381479811534925
6117,11.381479811534925
6118,11.381479811534925
6119,11.381479811534925
6120,11.381479811534925
6121,11.381479811534925
6122,11.381479811534925
6123,11.381479811534925
6124,11.381479811534925
6125,11.381479811534925
6126,11.381479811534925
6127,11.381479811534925
6128,11.381479811534925
6129,11.381479811534925
6130,11.381479811534925
6131,11.381479811534925
6132,11.381479811534925
6133,11.381479811534925
6134,11.381479811534925
6135,11.381479811534925
6136,11.381479811534925
6137,11.381479811534925
6138,11.381479811534925
6139,11.381479811534925
6140,11.381479811534925
6141,11.381479811534925
6142,11.381479811534925
6143,11.381479811534925
6144,11.381479811534925
6145,11.381479811534925
6146,11.381479811534925
6147,11.381479811534925
6148,11.381479811534925
6149,11.381479811534925
6150,11.381479811534925
6151,11.381479811534925
6152,11.381479811534925
6153,11.381479811534925
6154,11.381479811534925
6155,11.381479811534925
6156,11.381479811534925
6157,11.381479811534925
6158,11.381479811534925
6159,11.381479811534925
6160,11.381479811534925
6161,11.381479811534925
6162,11.381479811534925
6163,11.381479811534925
6164,11.381479811534925
6165,11.381479811534925
6166,11.381479811534925
6167,11.381479811534925
6168,11.381479811534925
6169,11.381479811534925
6170,11.381479811534925
6171,11.381479811534925
6172,11.381479811534925
6173,11.381479811534925
6174,11.381479811534925
6175,11.381479811534925
6176,11.381479811534925
6177,11.381479811534925
6178,11.381479811534925
6179,11.381479811534925
6180,11.381479811534925
6181,11.381479811534925
6182,11.381479811534925
6183,11.381479811534925
6184,11.381479811534925
6185,11.381479811534925
6186,11.381479811534925
6187,11.381479811534925
6188,11.381479811534925
6189,11.381479811534925
6190,11.381479811534925
6191,11.381479811534925
6192,11.381479811534925
6193,11.381479811534925
6194,11.381479811534925
6195,11.381479811534925
6196,11.381479811534925
6197,11.381479811534925
6198,11.381479811534925
6199,11.381479811534925
6200,11.381479811534925
6201,11.381479811534925
6202,11.381479811534925
6203,11.381479811534925
6204,11.381479811534925
6205,11.381479811534925
6206,11.381479811534925
6207,11.381479811534925
6208,11.381479811534925
6209,11.381479811534925
6210,11.381479811534925
6211,11.381479811534925
6212,11.381479811534925
6213,11.381479811534925
6214,11.381479811534925
6215,11.381479811534925
6216,11.381479811534925
6217,11.381479811534925
6218,11.381479811534925
6219,11.381479811534925
6220,11.381479811534925
6221,11.381479811534925
6222,11.381479811534925
6223,11.381479811534925
6224,11.381479811534925
6225,11.381479811534925
6226,11.381479811534925
6227,11.381479811534925
6228,11.381479811534925
6229,11.381479811534925
6230,11.381479811534925
6231,11.381479811534925
6232,11.381479811534925
6233,11.381479811534925
6234,11.381479811534925
6235,11.381479811534925
6236,11.381479811534925
6237,11.381479811534925
6238,11.381479811534925
6239,11.381479811534925
6240,11.381479811534925
6241,11.381479811534925
6242,11.381479811534925
6243,11.381479811534925
6244,11.381479811534925
6245,11.381479811534925
6246,11.381479811534925
6247,11.381479811534925
6248,11.381479811534925
6249,11.381479811534925
6250,11.381479811534925
6251,11.381479811534925
6252,11.381479811534925
6253,11.381479811534925
6254,11.381479811534925
6255,11.381479811534925
6256,11.381479811534925
6257,11.381479811534925
6258,11.381479811534925
6259,11.381479811534925
6260,11.381479811534925
6261,11.381479811534925
6262,11.381479811534925
6263,11.381479811534925
6264,11.381479811534925
6265,11.381479811534925
6266,11.381479811534925
6267,11.381479811534925
6268,11.381479811534925
6269,11.381479811534925
6270,11.381479811534925
6271,11.381479811534925
6272,11.381479811534925
6273,11.381479811534925
6274,11.381479811534925
6275,11.381479811534925
6276,11.381479811534925
6277,11.381479811534925
6278,11.381479811534925
6279,11.381479811534925
6280,11.381479811534925
6281,11.381479811534925
6282,11.381479811534925
6283,11.381479811534925
6284,11.381479811534925
6285,11.381479811534925
6286,11.381479811534925
6287,11.381479811534925
6288,11.381479811534925
6289,11.381479811534925
6290,11.381479811534925
6291,11.381479811534925
6292,11.381479811534925
6293,11.381479811534925
6294,11.381479811534925
6295,11.381479811534925
6296,11.381479811534925
6297,11.381479811534925
6298,11.381479811534925
6299,11.381479811534925
6300,11.381479811534925
6301,11.381479811534925
6302,11.381479811534925
6303,11.381479811534925
6304,11.381479811534925
6305,11.381479811534925
6306,11.381479811534925
6307,11.381479811534925
6308,11.381479811534925
6309,11.381479811534925
6310,11.381479811534925
6311,11.381479811534925
6312,11.381479811534925
6313,11.381479811534925
6314,11.381479811534925
6315,11.381479811534925
6316,11.381479811534925
6317,11.281465814114584
6318,11.281465814114584
6319,11.281465814114584
6320,11.281465814114584
6321,11.281465814114584
6322,11.281465814114584
6323,11.281465814114584
6324,11.281465814114584
6325,11.281465814114584
6326,11.281465814114584
6327,11.281465814114584
6328,11.281465814114584
6329,11.281465814114584
6330,11.281465814114584
6331,11.281465814114584
6332,11.281465814114584
6333,11.281465814114584
6334,11.281465814114584
6335,11.281465814114584
6336,11.281465814114584
6337,11.281465814114584
6338,11.281465814114584
6339,11.281465814114584
6340,11.281465814114584
6341,11.281465814114584
6342,11.281465814114584
6343,11.281465814114584
6344,11.281465814114584
6345,11.281465814114584
6346,11.281465814114584
6347,11.281465814114584
6348,11.281465814114584
6349,11.281465814114584
6350,11.281465814114584
6351,11.281465814114584
6352,11.281465814114584
6353,11.281465814114584
6354,11.281465814114584
6355,11.281465814114584
6356,11.281465814114584
6357,11.281465814114584
6358,11.281465814114584
6359,11.281465814114584
6360,11.281465814114584
6361,11.281465814114584
6362,11.281465814114584
6363,11.281465814114584
6364,11.281465814114584
6365,11.281465814114584
6366,11.281465814114584
6367,11.281465814114584
6368,11.281465814114584
6369,11.281465814114584
6370,11.281465814114584
6371,11.281465814114584
6372,11.281465814114584
6373,11.281465814114584
6374,11.281465814114584
6375,11.281465814114584
6376,11.281465814114584
6377,11.281465814114584
6378,11.281465814114584
6379,11.281465814114584
6380,11.281465814114584
6381,11.281465814114584
6382,11.281465814114584
6383,11.281465814114584
6384,11.281465814114584
6385,11.281465814114584
6386,11.281465814114584
6387,11.281465814114584
6388,11.281465814114584
6389,11.281465814114584
6390,11.281465814114584
6391,11.281465814114584
6392,11.281465814114584
6393,11.281465814114584
6394,11.281465814114584
6395,11.281465814114584
6396,11.281465814114584
6397,11.281465814114584
6398,11.281465814114584
6399,11.281465814114584
6400,11.281465814114584
6401,11.281465814114584
6402,11.281465814114584
6403,11.281465814114584
6404,11.281465814114584
6405,11.281465814114584
6406,11.281465814114584
6407,11.281465814114584
6408,11.281465814114584
6409,11.281465814114584
6410,11.281465814114584
6411,11.281465814114584
6412,11.281465814114584
6413,11.281465814114584
6414,11.281465814114584
6415,11.281465814114584
6416,11.281465814114584
6417,11.281465814114584
6418,11.281465814114584
6419,11.281465814114584
6420,11.281465814114584
6421,11.281465814114584
6422,11.281465814114584
6423,11.281465814114584
6424,11.281465814114584
6425,11.281465814114584
6426,11.281465814114584
6427,11.281465814114584
6428,11.281465814114584
6429,11.281465814114584
6430,11.281465814114584
6431,11.281465814114584
6432,11.281465814114584
6433,11.281465814114584
6434,11.281465814114584
6435,11.281465814114584
6436,11.281465814114584
6437,11.281465814114584
6438,11.281465814114584
6439,11.281465814114584
6440,11.281465814114584
6441,11.281465814114584
6442,11.281465814114584
6443,11.281465814114584
6444,11.281465814114584
6445,11.281465814114584
6446,11.281465814114584
6447,11.281465814114584
6448,11.281465814114584
6449,11.281465814114584
6450,11.281465814114584
6451,11.281465814114584
6452,11.281465814114584
6453,11.281465814114584
6454,11.281465814114584
6455,11.281465814114584
6456,11.281465814114584
6457,11.281465814114584
6458,11.281465814114584
6459,11.281465814114584
6460,11.281465814114584
6461,11.281465814114584
6462,11.281465814114584
6463,11.281465814114584
6464,11.281465814114584
6465,11.281465814114584
6466,11.281465814114584
6467,11.281465814114584
6468,11.281465814114584
6469,11.281465814114584
6470,11.281465814114584
6471,11.281465814114584
6472,11.281465814114584
6473,11.281465814114584
6474,11.281465814114584
6475,11.281465814114584
6476,11.281465814114584
6477,11.127500953043207
6478,11.127500953043207
6479,11.127500953043207
6480,11.127500953043207
6481,11.127500953043207
6482,11.127500953043207
6483,11.127500953043207
6484,11.127500953043207
6485,11.127500953043207
6486,11.127500953043207
6487,11.127500953043207
6488,11.127500953043207
6489,11.127500953043207
6490,11.127500953043207
6491,11.127500953043207
6492,11.127500953043207
6493,11.127500953043207
6494,11.127500953043207
6495,11.127500953043207
6496,11.127500953043207
6497,11.127500953043207
6498,11.127500953043207
6499,11.127500953043207
6500,11.127500953043207
6501,11.127500953043207
6502,11.127500953043207
6503,11.127500953043207
6504,11.127500953043207
6505,11.127500953043207
6506,11.127500953043207
6507,11.127500953043207
6508,11.127500953043207
6509,11.127500953043207
6510,11.127500953043207
6511,11.127500953043207
6512,11.127500953043207
6513,11.127500953043207
6514,11.127500953043207
6515,11.127500953043207
6516,11.127500953043207
6517,11.127500953043207
6518,11.127500953043207
6519,11.127500953043207
6520,11.127500953043207
6521,11.127500953043207
6522,11.127500953043207
6523,11.127500953043207
6524,11.127500953043207
6525,11.127500953043207
6526,11.127500953043207
6527,11.127500953043207
6528,11.127500953043207
6529,11.127500953043207
6530,11.127500953043207
6531,11.127500953043207
6532,11.127500953043207
6533,11.127500953043207
6534,11.127500953043207
6535,11.127500953043207
6536,11.127500953043207
6537,11.127500953043207
6538,11.127500953043207
6539,11.127500953043207
6540,11.127500953043207
6541,11.127500953043207
6542,11.127500953043207
6543,11.127500953043207
6544,11.127500953043207
6545,11.127500953043207
6546,11.127500953043207
6547,11.127500953043207
6548,11.127500953043207
6549,11.127500953043207
6550,11.127500953043207
6551,11.127500953043207
6552,11.127500953043207
6553,11.127500953043207
6554,11.127500953043207
6555,11.127500953043207
6556,11.127500953043207
6557,11.127500953043207
6558,11.127500953043207
6559,11.127500953043207
6560,11.127500953043207
6561,11.127500953043207
6562,11.127500953043207
6563,11.127500953043207
6564,11.127500953043207
6565,11.127500953043207
6566,11.127500953043207
6567,11.127500953043207
6568,11.127500953043207
6569,11.127500953043207
6570,11.127500953043207
6571,11.127500953043207
6572,11.127500953043207
6573,11.127500953043207
6574,11.127500953043207
6575,11.127500953043207
6576,11.127500953043207
6577,11.127500953043207
6578,11.127500953043207
6579,11.127500953043207
6580,11.127500953043207
6581,11.098179915713752
6582,11.098179915713752
6583,11.098179915713752
6584,11.098179915713752
6585,11.098179915713752
6586,11.098179915713752
6587,11.098179915713752
6588,11.098179915713752
6589,11.098179915713752
6590,11.098179915713752
6591,11.098179915713752
6592,11.098179915713752
6593,11.098179915713752
6594,11.098179915713752
6595,11.098179915713752
6596,11.098179915713752
6597,11.098179915713752
6598,11.098179915713752
6599,11.098179915713752
6600,11.098179915713752
6601,11.098179915713752
6602,11.098179915713752
6603,11.098179915713752
6604,11.098179915713752
6605,11.098179915713752
6606,11.098179915713752
6607,11.098179915713752
6608,11.098179915713752
6609,11.098179915713752
6610,11.098179915713752
6611,11.098179915713752
6612,11.098179915713752
6613,11.098179915713752
6614,11.098179915713752
6615,11.098179915713752
6616,11.098179915713752
6617,11.098179915713752
6618,11.098179915713752
6619,11.098179915713752
6620,11.098179915713752
6621,11.098179915713752
6622,11.098179915713752
6623,11.098179915713752
6624,11.098179915713752
6625,11.098179915713752
6626,11.098179915713752
6627,11.098179915713752
6628,11.098179915713752
6629,11.098179915713752
6630,11.098179915713752
6631,11.098179915713752
6632,11.098179915713752
6633,11.098179915713752
6634,11.098179915713752
6635,11.098179915713752
6636,11.098179915713752
6637,11.098179915713752
6638,11.098179915713752
6639,11.098179915713752
6640,11.098179915713752
6641,11.098179915713752
6642,11.098179915713752
6643,11.098179915713752
6644,11.098179915713752
6645,11.098179915713752
6646,11.098179915713752
6647,11.098179915713752
6648,11.098179915713752
6649,11.098179915713752
6650,11.098179915713752
6651,11.098179915713752
6652,11.098179915713752
6653,11.098179915713752
6654,11.098179915713752
6655,11.098179915713752
6656,11.098179915713752
6657,11.098179915713752
6658,11.098179915713752
6659,11.098179915713752
6660,11.098179915713752
6661,11.098179915713752
6662,11.098179915713752
6663,11.098179915713752
6664,11.098179915713752
6665,11.098179915713752
6666,11.098179915713752
6667,11.098179915713752
6668,11.098179915713752
6669,11.098179915713752
6670,11.098179915713752
6671,11.098179915713752
6672,11.098179915713752
6673,11.098179915713752
6674,11.098179915713752
6675,11.098179915713752
6676,11.098179915713752
6677,11.098179915713752
6678,11.098179915713752
6679,11.098179915713752
6680,11.098179915713752
6681,11.098179915713752
6682,11.098179915713752
6683,11.098179915713752
6684,11.098179915713752
6685,11.098179915713752
6686,11.098179915713752
6687,11.098179915713752
6688,11.098179915713752
6689,11.098179915713752
6690,11.098179915713752
6691,11.098179915713752
6692,11.098179915713752
6693,11.098179915713752
6694,11.098179915713752
6695,11.098179915713752
6696,11.098179915713752
6697,11.098179915713752
6698,11.098179915713752
6699,11.098179915713752
6700,11.098179915713752
6701,11.098179915713752
6702,11.098179915713752
6703,11.098179915713752
6704,11.098179915713752
6705,11.098179915713752
6706,11.098179915713752
6707,11.098179915713752
6708,11.098179915713752
6709,11.098179915713752
6710,11.098179915713752
6711,11.098179915713752
6712,11.098179915713752
6713,11.098179915713752
6714,11.098179915713752
6715,11.098179915713752
6716,11.098179915713752
6717,11.098179915713752
6718,11.098179915713752
6719,11.098179915713752
6720,11.098179915713752
6721,11.098179915713752
6722,11.098179915713752
6723,11.098179915713752
6724,11.098179915713752
6725,11.098179915713752
6726,11.098179915713752
6727,11.098179915713752
6728,11.098179915713752
6729,11.098179915713752
6730,11.098179915713752
6731,11.098179915713752
6732,11.098179915713752
6733,11.098179915713752
6734,11.098179915713752
6735,11.098179915713752
6736,11.098179915713752
6737,11.098179915713752
6738,11.098179915713752
6739,11.098179915713752
6740,11.098179915713752
6741,11.098179915713752
6742,11.098179915713752
6743,11.098179915713752
6744,11.098179915713752
6745,11.098179915713752
6746,11.098179915713752
6747,11.098179915713752
6748,11.098179915713752
6749,11.098179915713752
6750,11.098179915713752
6751,11.098179915713752
6752,11.098179915713752
6753,11.098179915713752
6754,11.098179915713752
6755,11.098179915713752
6756,11.098179915713752
6757,11.098179915713752
6758,11.098179915713752
6759,11.098179915713752
6760,11.098179915713752
6761,11.098179915713752
6762,11.098179915713752
6763,11.098179915713752
6764,11.098179915713752
6765,11.098179915713752
6766,11.098179915713752
6767,11.098179915713752
6768,11.098179915713752
6769,11.098179915713752
6770,11.098179915713752
6771,11.098179915713752
6772,11.098179915713752
6773,11.098179915713752
6774,11.098179915713752
6775,11.098179915713752
6776,11.098179915713752
6777,11.098179915713752
6778,11.098179915713752
6779,11.098179915713752
6780,11.098179915713752
6781,11.098179915713752
6782,11.098179915713752
6783,11.098179915713752
6784,11.098179915713752
6785,11.098179915713752
6786,11.098179915713752
6787,11.098179915713752
6788,11.098179915713752
6789,11.098179915713752
6790,11.098179915713752
6791,11.098179915713752
6792,11.098179915713752
6793,11.098179915713752
6794,11.098179915713752
6795,11.098179915713752
6796,11.098179915713752
6797,11.098179915713752
6798,11.098179915713752
6799,11.098179915713752
6800,11.098179915713752
6801,11.098179915713752
6802,11.098179915713752
6803,11.098179915713752
6804,11.098179915713752
6805,11.098179915713752
6806,11.098179915713752
6807,11.098179915713752
6808,11.098179915713752
6809,11.098179915713752
6810,11.098179915713752
6811,11.098179915713752
6812,11.098179915713752
6813,11.098179915713752
6814,11.098179915713752
6815,11.098179915713752
6816,11.098179915713752
6817,11.098179915713752
6818,11.098179915713752
6819,11.098179915713752
6820,11.098179915713752
6821,11.098179915713752
6822,11.098179915713752
6823,11.098179915713752
6824,11.098179915713752
6825,11.098179915713752
6826,11.098179915713752
6827,11.098179915713752
6828,11.098179915713752
6829,11.098179915713752
6830,11.098179915713752
6831,11.098179915713752
6832,11.098179915713752
6833,11.098179915713752
6834,11.098179915713752
6835,11.098179915713752
6836,11.098179915713752
6837,11.021325936585466
6838,11.021325936585466
6839,11.021325936585466
6840,11.021325936585466
6841,11.021325936585466
6842,11.021325936585466
6843,11.021325936585466
6844,11.021325936585466
6845,11.021325936585466
6846,11.021325936585466
6847,11.021325936585466
6848,11.021325936585466
6849,11.021325936585466
6850,11.021325936585466
6851,11.021325936585466
6852,11.021325936585466
6853,11.021325936585466
6854,11.008083570902942
6855,11.008083570902942
6856,11.008083570902942
6857,11.008083570902942
6858,11.008083570902942
6859,11.008083570902942
6860,11.008083570902942
6861,11.008083570902942
6862,11.008083570902942
6863,11.008083570902942
6864,11.008083570902942
6865,11.008083570902942
6866,11.008083570902942
6867,11.008083570902942
6868,11.008083570902942
6869,11.008083570902942
6870,11.008083570902942
6871,11.008083570902942
6872,11.008083570902942
6873,11.008083570902942
6874,11.008083570902942
6875,11.008083570902942
6876,11.008083570902942
6877,11.008083570902942
6878,11.008083570902942
6879,11.008083570902942
6880,11.008083570902942
6881,11.008083570902942
6882,11.008083570902942
6883,11.008083570902942
6884,11.008083570902942
6885,11.008083570902942
6886,11.008083570902942
6887,11.008083570902942
6888,11.008083570902942
6889,11.008083570902942
6890,11.008083570902942
6891,11.008083570902942
6892,11.008083570902942
6893,11.008083570902942
6894,11.008083570902942
6895,11.008083570902942
6896,11.008083570902942
6897,11.008083570902942
6898,11.008083570902942
6899,11.008083570902942
6900,11.008083570902942
6901,11.008083570902942
6902,11.008083570902942
6903,11.008083570902942
6904,11.008083570902942
6905,11.008083570902942
6906,11.008083570902942
6907,11.008083570902942
6908,11.008083570902942
6909,11.008083570902942
6910,11.008083570902942
6911,11.008083570902942
6912,11.008083570902942
6913,11.008083570902942
6914,11.008083570902942
6915,11.008083570902942
6916,11.008083570902942
6917,11.008083570902942
6918,11.008083570902942
6919,11.008083570902942
6920,11.008083570902942
6921,11.008083570902942
6922,11.008083570902942
6923,11.008083570902942
6924,11.008083570902942
6925,11.008083570902942
6926,11.008083570902942
6927,11.008083570902942
6928,11.008083570902942
6929,11.008083570902942
6930,11.008083570902942
6931,11.008083570902942
6932,11.008083570902942
6933,11.008083570902942
6934,11.008083570902942
6935,11.008083570902942
6936,11.008083570902942
6937,11.008083570902942
6938,11.008083570902942
6939,11.008083570902942
6940,11.008083570902942
6941,11.008083570902942
6942,11.008083570902942
6943,11.008083570902942
6944,11.008083570902942
6945,11.008083570902942
6946,11.008083570902942
6947,11.008083570902942
6948,11.008083570902942
6949,11.008083570902942
6950,11.008083570902942
6951,11.008083570902942
6952,11.008083570902942
6953,11.008083570902942
6954,11.008083570902942
6955,11.008083570902942
6956,11.008083570902942
6957,11.008083570902942
6958,11.008083570902942
6959,11.008083570902942
6960,11.008083570902942
6961,11.008083570902942
6962,11.008083570902942
6963,11.008083570902942
6964,11.008083570902942
6965,11.008083570902942
6966,11.008083570902942
6967,11.008083570902942
6968,11.008083570902942
6969,11.008083570902942
6970,11.008083570902942
6971,11.008083570902942
6972,11.008083570902942
6973,11.008083570902942
6974,11.008083570902942
6975,11.008083570902942
6976,11.008083570902942
6977,11.008083570902942
6978,11.008083570902942
6979,11.008083570902942
6980,11.008083570902942
6981,11.008083570902942
6982,11.008083570902942
6983,11.008083570902942
6984,11.008083570902942
6985,11.008083570902942
6986,11.008083570902942
6987,11.008083570902942
6988,11.008083570902942
6989,11.008083570902942
6990,11.008083570902942
6991,11.008083570902942
6992,11.008083570902942
6993,11.008083570902942
6994,11.008083570902942
6995,11.008083570902942
6996,11.008083570902942
6997,11.008083570902942
6998,11.008083570902942
6999,11.008083570902942
7000,11.008083570902942
7001,11.008083570902942
7002,11.008083570902942
7003,11.008083570902942
7004,11.008083570902942
7005,11.008083570902942
7006,11.008083570902942
7007,11.008083570902942
7008,11.008083570902942
7009,11.008083570902942
7010,11.008083570902942
7011,11.008083570902942
7012,11.008083570902942
7013,11.008083570902942
7014,11.008083570902942
7015,11.008083570902942
7016,11.008083570902942
7017,11.008083570902942
7018,11.008083570902942
7019,11.008083570902942
7020,11.008083570902942
7021,11.008083570902942
7022,11.008083570902942
7023,11.008083570902942
7024,11.008083570902942
7025,11.008083570902942
7026,11.008083570902942
7027,11.008083570902942
7028,11.008083570902942
7029,11.008083570902942
7030,11.008083570902942
7031,11.008083570902942
7032,11.008083570902942
7033,11.008083570902942
7034,11.008083570902942
7035,11.008083570902942
7036,11.008083570902942
7037,11.008083570902942
7038,11.008083570902942
7039,11.008083570902942
7040,11.008083570902942
7041,11.008083570902942
7042,11.008083570902942
7043,11.008083570902942
7044,11.008083570902942
7045,11.008083570902942
7046,11.008083570902942
7047,11.008083570902942
7048,11.008083570902942
7049,11.008083570902942
7050,11.008083570902942
7051,11.008083570902942
7052,11.008083570902942
7053,11.008083570902942
7054,11.008083570902942
7055,11.008083570902942
7056,11.008083570902942
7057,11.008083570902942
7058,11.008083570902942
7059,11.008083570902942
7060,11.008083570902942
7061,11.008083570902942
7062,11.008083570902942
7063,11.008083570902942
7064,11.008083570902942
7065,11.008083570902942
7066,11.008083570902942
7067,11.008083570902942
7068,11.008083570902942
7069,11.008083570902942
7070,11.008083570902942
7071,11.008083570902942
7072,11.008083570902942
7073,11.008083570902942
7074,11.008083570902942
7075,11.008083570902942
7076,11.008083570902942
7077,11.008083570902942
7078,11.008083570902942
7079,11.008083570902942
7080,11.008083570902942
7081,10.973271235602576
7082,10.973271235602576
7083,10.973271235602576
7084,10.973271235602576
7085,10.973271235602576
7086,10.973271235602576
7087,10.973271235602576
7088,10.973271235602576
7089,10.973271235602576
7090,10.973271235602576
7091,10.973271235602576
7092,10.973271235602576
7093,10.973271235602576
7094,10.973271235602576
7095,10.973271235602576
7096,10.973271235602576
7097,10.973271235602576
7098,10.973271235602576
7099,10.973271235602576
7100,10.973271235602576
7101,10.973271235602576
7102,10.973271235602576
7103,10.973271235602576
7104,10.973271235602576
7105,10.973271235602576
7106,10.973271235602576
7107,10.973271235602576
7108,10.973271235602576
7109,10.973271235602576
7110,10.973271235602576
7111,10.973271235602576
7112,10.973271235602576
7113,10.973271235602576
7114,10.973271235602576
7115,10.973271235602576
7116,10.973271235602576
7117,10.973271235602576
7118,10.973271235602576
7119,10.973271235602576
7120,10.973271235602576
7121,10.973271235602576
7122,10.973271235602576
7123,10.973271235602576
7124,10.973271235602576
7125,10.973271235602576
7126,10.973271235602576
7127,10.973271235602576
7128,10.973271235602576
7129,10.973271235602576
7130,10.973271235602576
7131,10.973271235602576
7132,10.973271235602576
7133,10.973271235602576
7134,10.973271235602576
7135,10.973271235602576
7136,10.973271235602576
7137,10.973271235602576
7138,10.973271235602576
7139,10.973271235602576
7140,10.973271235602576
7141,10.973271235602576
7142,10.973271235602576
7143,10.973271235602576
7144,10.973271235602576
7145,10.973271235602576
7146,10.973271235602576
7147,10.973271235602576
7148,10.973271235602576
7149,10.973271235602576
7150,10.973271235602576
7151,10.973271235602576
7152,10.973271235602576
7153,10.973271235602576
7154,10.973271235602576
7155,10.973271235602576
7156,10.973271235602576
7157,10.973271235602576
7158,10.973271235602576
7159,10.950311225192037
7160,10.950311225192037
7161,10.950311225192037
7162,10.950311225192037
7163,10.950311225192037
7164,10.950311225192037
7165,10.950311225192037
7166,10.950311225192037
7167,10.950311225192037
7168,10.950311225192037
7169,10.950311225192037
7170,10.950311225192037
7171,10.950311225192037
7172,10.950311225192037
7173,10.950311225192037
7174,10.950311225192037
7175,10.950311225192037
7176,10.950311225192037
7177,10.950311225192037
7178,10.950311225192037
7179,10.950311225192037
7180,10.950311225192037
7181,10.950311225192037
7182,10.950311225192037
7183,10.950311225192037
7184,10.950311225192037
7185,10.950311225192037
7186,10.950311225192037
7187,10.950311225192037
7188,10.950311225192037
7189,10.950311225192037
7190,10.950311225192037
7191,10.950311225192037
7192,10.950311225192037
7193,10.950311225192037
7194,10.950311225192037
7195,10.950311225192037
7196,10.950311225192037
7197,10.950311225192037
7198,10.950311225192037
7199,10.950311225192037
7200,10.950311225192037
7201,10.950311225192037
7202,10.950311225192037
7203,10.950311225192037
7204,10.950311225192037
7205,10.950311225192037
7206,10.950311225192037
7207,10.950311225192037
7208,10.950311225192037
7209,10.950311225192037
7210,10.950311225192037
7211,10.950311225192037
7212,10.950311225192037
7213,10.950311225192037
7214,10.950311225192037
7215,10.950311225192037
7216,10.950311225192037
7217,10.950311225192037
7218,10.950311225192037
7219,10.950311225192037
7220,10.950311225192037
7221,10.950311225192037
7222,10.950311225192037
7223,10.950311225192037
7224,10.950311225192037
7225,10.950311225192037
7226,10.950311225192037
7227,10.950311225192037
7228,10.950311225192037
7229,10.950311225192037
7230,10.950311225192037
7231,10.950311225192037
7232,10.950311225192037
7233,10.950311225192037
7234,10.950311225192037
7235,10.950311225192037
7236,10.950311225192037
7237,10.950311225192037
7238,10.950311225192037
7239,10.950311225192037
7240,10.950311225192037
7241,10.950311225192037
7242,10.950311225192037
7243,10.950311225192037
7244,10.950311225192037
7245,10.950311225192037
7246,10.950311225192037
7247,10.950311225192037
7248,10.950311225192037
7249,10.950311225192037
7250,10.950311225192037
7251,10.950311225192037
7252,10.950311225192037
7253,10.950311225192037
7254,10.950311225192037
7255,10.950311225192037
7256,10.950311225192037
7257,10.950311225192037
7258,10.950311225192037
7259,10.950311225192037
7260,10.950311225192037
7261,10.950311225192037
7262,10.950311225192037
7263,10.950311225192037
7264,10.950311225192037
7265,10.950311225192037
7266,10.950311225192037
7267,10.950311225192037
7268,10.950311225192037
7269,10.950311225192037
7270,10.950311225192037
7271,10.950311225192037
7272,10.950311225192037
7273,10.950311225192037
7274,10.950311225192037
7275,10.950311225192037
7276,10.950311225192037
7277,10.950311225192037
7278,10.950311225192037
7279,10.950311225192037
7280,10.950311225192037
7281,10.950311225192037
7282,10.950311225192037
7283,10.950311225192037
7284,10.950311225192037
7285,10.950311225192037
7286,10.950311225192037
7287,10.950311225192037
7288,10.950311225192037
7289,10.950311225192037
7290,10.950311225192037
7291,10.950311225192037
7292,10.950311225192037
7293,10.950311225192037
7294,10.950311225192037
7295,10.950311225192037
7296,10.950311225192037
7297,10.950311225192037
7298,10.950311225192037
7299,10.950311225192037
7300,10.950311225192037
7301,10.950311225192037
7302,10.950311225192037
7303,10.950311225192037
7304,10.950311225192037
7305,10.950311225192037
7306,10.950311225192037
7307,10.950311225192037
7308,10.950311225192037
7309,10.950311225192037
7310,10.950311225192037
7311,10.950311225192037
7312,10.950311225192037
7313,10.950311225192037
7314,10.950311225192037
7315,10.950311225192037
7316,10.950311225192037
7317,10.950311225192037
7318,10.950311225192037
7319,10.950311225192037
7320,10.950311225192037
7321,10.950311225192037
7322,10.950311225192037
7323,10.950311225192037
7324,10.950311225192037
7325,10.950311225192037
7326,10.950311225192037
7327,10.950311225192037
7328,10.950311225192037
7329,10.950311225192037
7330,10.950311225192037
7331,10.950311225192037
7332,10.950311225192037
7333,10.950311225192037
7334,10.950311225192037
7335,10.950311225192037
7336,10.950311225192037
7337,10.950311225192037
7338,10.950311225192037
7339,10.950311225192037
7340,10.950311225192037
7341,10.950311225192037
7342,10.950311225192037
7343,10.950311225192037
7344,10.950311225192037
7345,10.950311225192037
7346,10.950311225192037
7347,10.950311225192037
7348,10.950311225192037
7349,10.950311225192037
7350,10.950311225192037
7351,10.950311225192037
7352,10.950311225192037
7353,10.950311225192037
7354,10.950311225192037
7355,10.950311225192037
7356,10.950311225192037
7357,10.950311225192037
7358,10.950311225192037
7359,10.950311225192037
7360,10.950311225192037
7361,10.950311225192037
7362,10.950311225192037
7363,10.950311225192037
7364,10.950311225192037
7365,10.950311225192037
7366,10.950311225192037
7367,10.950311225192037
7368,10.950311225192037
7369,10.950311225192037
7370,10.950311225192037
7371,10.950311225192037
7372,10.950311225192037
7373,10.950311225192037
7374,10.950311225192037
7375,10.950311225192037
7376,10.950311225192037
7377,10.950311225192037
7378,10.950311225192037
7379,10.950311225192037
7380,10.950311225192037
7381,10.950311225192037
7382,10.950311225192037
7383,10.950311225192037
7384,10.950311225192037
7385,10.950311225192037
7386,10.950311225192037
7387,10.950311225192037
7388,10.950311225192037
7389,10.950311225192037
7390,10.950311225192037
7391,10.950311225192037
7392,10.950311225192037
7393,10.950311225192037
7394,10.950311225192037
7395,10.950311225192037
7396,10.950311225192037
7397,10.950311225192037
7398,10.950311225192037
7399,10.950311225192037
7400,10.950311225192037
7401,10.950311225192037
7402,10.950311225192037
7403,10.943783796881597
7404,10.943783796881597
7405,10.920468198874966
7406,10.920468198874966
7407,10.7962930617517
7408,10.7962930617517
7409,10.7962930617517
7410,10.7962930617517
7411,10.7962930617517
7412,10.7962930617517
7413,10.7962930617517
7414,10.7962930617517
7415,10.7962930617517
7416,10.7962930617517
7417,10.7962930617517
7418,10.7962930617517
7419,10.7962930617517
7420,10.7962930617517
7421,10.7962930617517
7422,10.7962930617517
7423,10.7962930617517
7424,10.7962930617517
7425,10.7962930617517
7426,10.7962930617517
7427,10.7962930617517
7428,10.7962930617517
7429,10.7962930617517
7430,10.7962930617517
7431,10.7962930617517
7432,10.7962930617517
7433,10.7962930617517
7434,10.7962930617517
7435,10.7962930617517
7436,10.7962930617517
7437,10.7962930617517
7438,10.7962930617517
7439,10.7962930617517
7440,10.7962930617517
7441,10.7962930617517
7442,10.7962930617517
7443,10.7962930617517
7444,10.7962930617517
7445,10.7962930617517
7446,10.7962930617517
7447,10.7962930617517
7448,10.7962930617517
7449,10.7962930617517
7450,10.7962930617517
7451,10.7962930617517
7452,10.7962930617517
7453,10.7962930617517
7454,10.7962930617517
7455,10.7962930617517
7456,10.7962930617517
7457,10.7962930617517
7458,10.7962930617517
7459,10.7962930617517
7460,10.7962930617517
7461,10.7962930617517
7462,10.7962930617517
7463,10.7962930617517
7464,10.7962930617517
7465,10.7962930617517
7466,10.7962930617517
7467,10.7962930617517
7468,10.7962930617517
7469,10.7962930617517
7470,10.7962930617517
7471,10.7962930617517
7472,10.7962930617517
7473,10.7962930617517
7474,10.7962930617517
7475,10.7962930617517
7476,10.7962930617517
7477,10.7962930617517
7478,10.7962930617517
7479,10.7962930617517
7480,10.7962930617517
7481,10.7962930617517
7482,10.7962930617517
7483,10.7962930617517
7484,10.7962930617517
7485,10.7962930617517
7486,10.7962930617517
7487,10.7962930617517
7488,10.7962930617517
7489,10.7962930617517
7490,10.7962930617517
7491,10.7962930617517
7492,10.7962930617517
7493,10.7962930617517
7494,10.7962930617517
7495,10.7962930617517
7496,10.7962930617517
7497,10.7962930617517
7498,10.7962930617517
7499,10.7962930617517
7500,10.7962930617517
7501,10.7962930617517
7502,10.7962930617517
7503,10.7962930617517
7504,10.7962930617517
7505,10.7962930617517
7506,10.7962930617517
7507,10.7962930617517
7508,10.7962930617517
7509,10.783665325558754
7510,10.783665325558754
7511,10.783665325558754
7512,10.783665325558754
7513,10.783665325558754
7514,10.783665325558754
7515,10.783665325558754
7516,10.783665325558754
7517,10.783665325558754
7518,10.783665325558754
7519,10.783665325558754
7520,10.783665325558754
7521,10.783665325558754
7522,10.783665325558754
7523,10.783665325558754
7524,10.783665325558754
7525,10.783665325558754
7526,10.783665325558754
7527,10.783665325558754
7528,10.783665325558754
7529,10.783665325558754
7530,10.783665325558754
7531,10.783665325558754
7532,10.783665325558754
7533,10.783665325558754
7534,10.783665325558754
7535,10.783665325558754
7536,10.783665325558754
7537,10.783665325558754
7538,10.783665325558754
7539,10.783665325558754
7540,10.783665325558754
7541,10.783665325558754
7542,10.783665325558754
7543,10.783665325558754
7544,10.783665325558754
7545,10.783665325558754
7546,10.783665325558754
7547,10.783665325558754
7548,10.783665325558754
7549,10.783665325558754
7550,10.783665325558754
7551,10.783665325558754
7552,10.783665325558754
7553,10.783665325558754
7554,10.783665325558754
7555,10.783665325558754
7556,10.783665325558754
7557,10.783665325558754
7558,10.783665325558754
7559,10.783665325558754
7560,10.783665325558754
7561,10.783665325558754
7562,10.783665325558754
7563,10.783665325558754
7564,10.783665325558754
7565,10.783665325558754
7566,10.783665325558754
7567,10.783665325558754
7568,10.783665325558754
7569,10.783665325558754
7570,10.783665325558754
7571,10.783665325558754
7572,10.783665325558754
7573,10.783665325558754
7574,10.783665325558754
7575,10.783665325558754
7576,10.783665325558754
7577,10.783665325558754
7578,10.783665325558754
7579,10.783665325558754
7580,10.783665325558754
7581,10.783665325558754
7582,10.783665325558754
7583,10.783665325558754
7584,10.783665325558754
7585,10.783665325558754
7586,10.783665325558754
7587,10.783665325558754
7588,10.783665325558754
7589,10.783665325558754
7590,10.783665325558754
7591,10.783665325558754
7592,10.783665325558754
7593,10.783665325558754
7594,10.783665325558754
7595,10.783665325558754
7596,10.783665325558754
7597,10.783665325558754
7598,10.783665325558754
7599,10.783665325558754
7600,10.783665325558754
7601,10.783665325558754
7602,10.783665325558754
7603,10.783665325558754
7604,10.783665325558754
7605,10.783665325558754
7606,10.783665325558754
7607,10.783665325558754
7608,10.783665325558754
7609,10.783665325558754
7610,10.783665325558754
7611,10.783665325558754
7612,10.783665325558754
7613,10.783665325558754
7614,10.783665325558754
7615,10.783665325558754
7616,10.783665325558754
7617,10.783665325558754
7618,10.783665325558754
7619,10.783665325558754
7620,10.783665325558754
7621,10.783665325558754
7622,10.783665325558754
7623,10.783665325558754
7624,10.783665325558754
7625,10.783665325558754
7626,10.783665325558754
7627,10.783665325558754
7628,10.783665325558754
7629,10.783665325558754
7630,10.783665325558754
7631,10.783665325558754
7632,10.783665325558754
7633,10.783665325558754
7634,10.783665325558754
7635,10.783665325558754
7636,10.783665325558754
7637,10.783665325558754
7638,10.783665325558754
7639,10.783665325558754
7640,10.783665325558754
7641,10.783665325558754
7642,10.783665325558754
7643,10.783665325558754
7644,10.783665325558754
7645,10.783665325558754
7646,10.783665325558754
7647,10.783665325558754
7648,10.783665325558754
7649,10.783665325558754
7650,10.783665325558754
7651,10.783665325558754
7652,10.783665325558754
7653,10.783665325558754
7654,10.783665325558754
7655,10.783665325558754
7656,10.783665325558754
7657,10.783665325558754
7658,10.783665325558754
7659,10.783665325558754
7660,10.783665325558754
7661,10.783665325558754
7662,10.783665325558754
7663,10.783665325558754
7664,10.783665325558754
7665,10.783665325558754
7666,10.783665325558754
7667,10.783665325558754
7668,10.783665325558754
7669,10.783665325558754
7670,10.783665325558754
7671,10.783665325558754
7672,10.783665325558754
7673,10.783665325558754
7674,10.783665325558754
7675,10.783665325558754
7676,10.783665325558754
7677,10.783665325558754
7678,10.783665325558754
7679,10.783665325558754
7680,10.783665325558754
7681,10.783665325558754
7682,10.783665325558754
7683,10.783665325558754
7684,10.783665325558754
7685,10.783665325558754
7686,10.783665325558754
7687,10.783665325558754
7688,10.783665325558754
7689,10.783665325558754
7690,10.783665325558754
7691,10.783665325558754
7692,10.783665325558754
7693,10.783665325558754
7694,10.783665325558754
7695,10.783665325558754
7696,10.783665325558754
7697,10.783665325558754
7698,10.783665325558754
7699,10.783665325558754
7700,10.783665325558754
7701,10.783665325558754
7702,10.783665325558754
7703,10.783665325558754
7704,10.783665325558754
7705,10.783665325558754
7706,10.783665325558754
7707,10.783665325558754
7708,10.783665325558754
7709,10.783665325558754
7710,10.783665325558754
7711,10.783665325558754
7712,10.783665325558754
7713,10.783665325558754
7714,10.783665325558754
7715,10.783665325558754
7716,10.783665325558754
7717,10.783665325558754
7718,10.783665325558754
7719,10.783665325558754
7720,10.783665325558754
7721,10.783665325558754
7722,10.783665325558754
7723,10.783665325558754
7724,10.783665325558754
7725,10.783665325558754
7726,10.783665325558754
7727,10.783665325558754
7728,10.783665325558754
7729,10.783665325558754
7730,10.783665325558754
7731,10.783665325558754
7732,10.783665325558754
7733,10.783665325558754
7734,10.783665325558754
7735,10.783665325558754
7736,10.783665325558754
7737,10.783665325558754
7738,10.783665325558754
7739,10.783665325558754
7740,10.783665325558754
7741,10.783665325558754
7742,10.783665325558754
7743,10.783665325558754
7744,10.783665325558754
7745,10.783665325558754
7746,10.783665325558754
7747,10.783665325558754
7748,10.783665325558754
7749,10.783665325558754
7750,10.783665325558754
7751,10.783665325558754
7752,10.783665325558754
7753,10.783665325558754
7754,10.783665325558754
7755,10.783665325558754
7756,10.783665325558754
7757,10.783665325558754
7758,10.783665325558754
7759,10.783665325558754
7760,10.783665325558754
7761,10.783665325558754
7762,10.783665325558754
7763,10.783665325558754
7764,10.783665325558754
7765,10.783665325558754
7766,10.783665325558754
7767,10.783665325558754
7768,10.783665325558754
7769,10.783665325558754
7770,10.783665325558754
7771,10.783665325558754
7772,10.783665325558754
7773,10.783665325558754
7774,10.783665325558754
7775,10.783665325558754
7776,10.783665325558754
7777,10.783665325558754
7778,10.783665325558754
7779,10.783665325558754
7780,10.783665325558754
7781,10.783665325558754
7782,10.783665325558754
7783,10.783665325558754
7784,10.783665325558754
7785,10.783665325558754
7786,10.783665325558754
7787,10.783665325558754
7788,10.783665325558754
7789,10.783665325558754
7790,10.783665325558754
7791,10.783665325558754
7792,10.783665325558754
7793,10.783665325558754
7794,10.783665325558754
7795,10.783665325558754
7796,10.783665325558754
7797,10.783665325558754
7798,10.783665325558754
7799,10.783665325558754
7800,10.783665325558754
7801,10.783665325558754
7802,10.783665325558754
7803,10.783665325558754
7804,10.783665325558754
7805,10.783665325558754
7806,10.783665325558754
7807,10.783665325558754
7808,10.783665325558754
7809,10.783665325558754
7810,10.783665325558754
7811,10.783665325558754
7812,10.783665325558754
7813,10.783665325558754
7814,10.783665325558754
7815,10.783665325558754
7816,10.783665325558754
7817,10.783665325558754
7818,10.783665325558754
7819,10.783665325558754
7820,10.783665325558754
7821,10.783665325558754
7822,10.783665325558754
7823,10.783665325558754
7824,10.783665325558754
7825,10.783665325558754
7826,10.783665325558754
7827,10.783665325558754
7828,10.783665325558754
7829,10.783665325558754
7830,10.783665325558754
7831,10.783665325558754
7832,10.783665325558754
7833,10.783665325558754
7834,10.783665325558754
7835,10.783665325558754
7836,10.783665325558754
7837,10.783665325558754
7838,10.783665325558754
7839,10.783665325558754
7840,10.783665325558754
7841,10.783665325558754
7842,10.783665325558754
7843,10.783665325558754
7844,10.783665325558754
7845,10.783665325558754
7846,10.783665325558754
7847,10.783665325558754
7848,10.783665325558754
7849,10.783665325558754
7850,10.783665325558754
7851,10.783665325558754
7852,10.783665325558754
7853,10.783665325558754
7854,10.783665325558754
7855,10.783665325558754
7856,10.783665325558754
7857,10.783665325558754
7858,10.783665325558754
7859,10.783665325558754
7860,10.783665325558754
7861,10.783665325558754
7862,10.783665325558754
7863,10.783665325558754
7864,10.783665325558754
7865,10.783665325558754
7866,10.783665325558754
7867,10.783665325558754
7868,10.783665325558754
7869,10.783665325558754
7870,10.783665325558754
7871,10.783665325558754
7872,10.783665325558754
7873,10.783665325558754
7874,10.783665325558754
7875,10.783665325558754
7876,10.783665325558754
7877,10.783665325558754
7878,10.783665325558754
7879,10.783665325558754
7880,10.783665325558754
7881,10.783665325558754
7882,10.783665325558754
7883,10.783665325558754
7884,10.783665325558754
7885,10.783665325558754
7886,10.783665325558754
7887,10.783665325558754
7888,10.783665325558754
7889,10.783665325558754
7890,10.783665325558754
7891,10.783665325558754
7892,10.783665325558754
7893,10.783665325558754
7894,10.783665325558754
7895,10.783665325558754
7896,10.783665325558754
7897,10.783665325558754
7898,10.783665325558754
7899,10.783665325558754
7900,10.783665325558754
7901,10.783665325558754
7902,10.783665325558754
7903,10.783665325558754
7904,10.783665325558754
7905,10.783665325558754
7906,10.783665325558754
7907,10.783665325558754
7908,10.783665325558754
7909,10.783665325558754
7910,10.783665325558754
7911,10.783665325558754
7912,10.783665325558754
7913,10.783665325558754
7914,10.783665325558754
7915,10.783665325558754
7916,10.783665325558754
7917,10.783665325558754
7918,10.783665325558754
7919,10.783665325558754
7920,10.783665325558754
7921,10.783665325558754
7922,10.783665325558754
7923,10.783665325558754
7924,10.783665325558754
7925,10.783665325558754
7926,10.783665325558754
7927,10.783665325558754
7928,10.783665325558754
7929,10.783665325558754
7930,10.783665325558754
7931,10.783665325558754
7932,10.783665325558754
7933,10.783665325558754
7934,10.783665325558754
7935,10.783665325558754
7936,10.783665325558754
7937,10.783665325558754
7938,10.783665325558754
7939,10.783665325558754
7940,10.783665325558754
7941,10.783665325558754
7942,10.783665325558754
7943,10.783665325558754
7944,10.783665325558754
7945,10.783665325558754
7946,10.783665325558754
7947,10.783665325558754
7948,10.783665325558754
7949,10.783665325558754
7950,10.783665325558754
7951,10.783665325558754
7952,10.783665325558754
7953,10.783665325558754
7954,10.783665325558754
7955,10.783665325558754
7956,10.783665325558754
7957,10.783665325558754
7958,10.783665325558754
7959,10.783665325558754
7960,10.783665325558754
7961,10.783665325558754
7962,10.783665325558754
7963,10.783665325558754
7964,10.783665325558754
7965,10.783665325558754
7966,10.783665325558754
7967,10.783665325558754
7968,10.783665325558754
7969,10.783665325558754
7970,10.783665325558754
7971,10.783665325558754
7972,10.783665325558754
7973,10.783665325558754
7974,10.783665325558754
7975,10.783665325558754
7976,10.783665325558754
7977,10.783665325558754
7978,10.783665325558754
7979,10.783665325558754
7980,10.783665325558754
7981,10.783665325558754
7982,10.783665325558754
7983,10.783665325558754
7984,10.783665325558754
7985,10.783665325558754
7986,10.783665325558754
7987,10.783665325558754
7988,10.783665325558754
7989,10.783665325558754
7990,10.783665325558754
7991,10.783665325558754
7992,10.783665325558754
7993,10.783665325558754
7994,10.783665325558754
7995,10.783665325558754
7996,10.783665325558754
7997,10.783665325558754
7998,10.783665325558754
7999,10.783665325558754
8000,10.783665325558754
8001,10.783665325558754
8002,10.783665325558754
8003,10.783665325558754
8004,10.783665325558754
8005,10.783665325558754
8006,10.783665325558754
8007,10.783665325558754
8008,10.783665325558754
8009,10.783665325558754
8010,10.783665325558754
8011,10.783665325558754
8012,10.783665325558754
8013,10.783665325558754
8014,10.783665325558754
8015,10.783665325558754
8016,10.783665325558754
8017,10.783665325558754
8018,10.783665325558754
8019,10.783665325558754
8020,10.783665325558754
8021,10.783665325558754
8022,10.783665325558754
8023,10.783665325558754
8024,10.783665325558754
8025,10.783665325558754
8026,10.783665325558754
8027,10.783665325558754
8028,10.783665325558754
8029,10.783665325558754
8030,10.783665325558754
8031,10.783665325558754
8032,10.783665325558754
8033,10.783665325558754
8034,10.783665325558754
8035,10.783665325558754
8036,10.783665325558754
8037,10.783665325558754
8038,10.783665325558754
8039,10.783665325558754
8040,10.783665325558754
8041,10.783665325558754
8042,10.783665325558754
8043,10.783665325558754
8044,10.783665325558754
8045,10.783665325558754
8046,10.783665325558754
8047,10.783665325558754
8048,10.783665325558754
8049,10.783665325558754
8050,10.783665325558754
8051,10.783665325558754
8052,10.783665325558754
8053,10.783665325558754
8054,10.783665325558754
8055,10.783665325558754
8056,10.783665325558754
8057,10.783665325558754
8058,10.783665325558754
8059,10.783665325558754
8060,10.783665325558754
8061,10.783665325558754
8062,10.783665325558754
8063,10.783665325558754
8064,10.783665325558754
8065,10.783665325558754
8066,10.783665325558754
8067,10.783665325558754
8068,10.783665325558754
8069,10.783665325558754
8070,10.783665325558754
8071,10.783665325558754
8072,10.783665325558754
8073,10.783665325558754
8074,10.783665325558754
8075,10.783665325558754
8076,10.783665325558754
8077,10.783665325558754
8078,10.783665325558754
8079,10.783665325558754
8080,10.783665325558754
8081,10.783665325558754
8082,10.783665325558754
8083,10.783665325558754
8084,10.783665325558754
8085,10.783665325558754
8086,10.783665325558754
8087,10.783665325558754
8088,10.783665325558754
8089,10.783665325558754
8090,10.783665325558754
8091,10.783665325558754
8092,10.783665325558754
8093,10.783665325558754
8094,10.783665325558754
8095,10.783665325558754
8096,10.783665325558754
8097,10.783665325558754
8098,10.783665325558754
8099,10.783665325558754
8100,10.783665325558754
8101,10.783665325558754
8102,10.783665325558754
8103,10.783665325558754
8104,10.783665325558754
8105,10.783665325558754
8106,10.783665325558754
8107,10.783665325558754
8108,10.783665325558754
8109,10.783665325558754
8110,10.783665325558754
8111,10.783665325558754
8112,10.783665325558754
8113,10.783665325558754
8114,10.783665325558754
8115,10.783665325558754
8116,10.783665325558754
8117,10.783665325558754
8118,10.783665325558754
8119,10.783665325558754
8120,10.783665325558754
8121,10.783665325558754
8122,10.783665325558754
8123,10.783665325558754
8124,10.783665325558754
8125,10.783665325558754
8126,10.783665325558754
8127,10.783665325558754
8128,10.783665325558754
8129,10.783665325558754
8130,10.783665325558754
8131,10.783665325558754
8132,10.783665325558754
8133,10.783665325558754
8134,10.783665325558754
8135,10.783665325558754
8136,10.783665325558754
8137,10.783665325558754
8138,10.783665325558754
8139,10.783665325558754
8140,10.783665325558754
8141,10.783665325558754
8142,10.783665325558754
8143,10.783665325558754
8144,10.783665325558754
8145,10.783665325558754
8146,10.783665325558754
8147,10.783665325558754
8148,10.783665325558754
8149,10.783665325558754
8150,10.783665325558754
8151,10.783665325558754
8152,10.783665325558754
8153,10.783665325558754
8154,10.783665325558754
8155,10.783665325558754
8156,10.783665325558754
8157,10.783665325558754
8158,10.783665325558754
8159,10.783665325558754
8160,10.783665325558754
8161,10.783665325558754
8162,10.783665325558754
8163,10.783665325558754
8164,10.783665325558754
8165,10.783665325558754
8166,10.783665325558754
8167,10.783665325558754
8168,10.783665325558754
8169,10.783665325558754
8170,10.783665325558754
8171,10.783665325558754
8172,10.783665325558754
8173,10.783665325558754
8174,10.783665325558754
8175,10.783665325558754
8176,10.783665325558754
8177,10.783665325558754
8178,10.783665325558754
8179,10.783665325558754
8180,10.783665325558754
8181,10.783665325558754
8182,10.783665325558754
8183,10.783665325558754
8184,10.783665325558754
8185,10.783665325558754
8186,10.783665325558754
8187,10.783665325558754
8188,10.783665325558754
8189,10.783665325558754
8190,10.783665325558754
8191,10.761228584648844
8192,10.761228584648844
8193,10.761228584648844
8194,10.761228584648844
8195,10.761228584648844
8196,10.761228584648844
8197,10.761228584648844
8198,10.761228584648844
8199,10.761228584648844
8200,10.761228584648844
8201,10.761228584648844
8202,10.761228584648844
8203,10.761228584648844
8204,10.761228584648844
8205,10.761228584648844
8206,10.761228584648844
8207,10.761228584648844
8208,10.761228584648844
8209,10.761228584648844
8210,10.761228584648844
8211,10.761228584648844
8212,10.761228584648844
8213,10.761228584648844
8214,10.761228584648844
8215,10.761228584648844
8216,10.761228584648844
8217,10.761228584648844
8218,10.761228584648844
8219,10.761228584648844
8220,10.761228584648844
8221,10.761228584648844
8222,10.761228584648844
8223,10.761228584648844
8224,10.761228584648844
8225,10.761228584648844
8226,10.761228584648844
8227,10.761228584648844
8228,10.761228584648844
8229,10.761228584648844
8230,10.761228584648844
8231,10.761228584648844
8232,10.761228584648844
8233,10.761228584648844
8234,10.761228584648844
8235,10.761228584648844
8236,10.761228584648844
8237,10.761228584648844
8238,10.761228584648844
8239,10.761228584648844
8240,10.761228584648844
8241,10.761228584648844
8242,10.761228584648844
8243,10.761228584648844
8244,10.761228584648844
8245,10.761228584648844
8246,10.761228584648844
8247,10.761228584648844
8248,10.761228584648844
8249,10.761228584648844
8250,10.761228584648844
8251,10.761228584648844
8252,10.761228584648844
8253,10.761228584648844
8254,10.761228584648844
8255,10.761228584648844
8256,10.761228584648844
8257,10.761228584648844
8258,10.761228584648844
8259,10.761228584648844
8260,10.761228584648844
8261,10.761228584648844
8262,10.761228584648844
8263,10.761228584648844
8264,10.761228584648844
8265,10.761228584648844
8266,10.761228584648844
8267,10.761228584648844
8268,10.761228584648844
8269,10.761228584648844
8270,10.761228584648844
8271,10.761228584648844
8272,10.761228584648844
8273,10.761228584648844
8274,10.761228584648844
8275,10.761228584648844
8276,10.761228584648844
8277,10.761228584648844
8278,10.761228584648844
8279,10.761228584648844
8280,10.761228584648844
8281,10.761228584648844
8282,10.761228584648844
8283,10.761228584648844
8284,10.761228584648844
8285,10.761228584648844
8286,10.761228584648844
8287,10.761228584648844
8288,10.761228584648844
8289,10.761228584648844
8290,10.761228584648844
8291,10.761228584648844
8292,10.761228584648844
8293,10.761228584648844
8294,10.761228584648844
8295,10.761228584648844
8296,10.761228584648844
8297,10.761228584648844
8298,10.761228584648844
8299,10.761228584648844
8300,10.761228584648844
8301,10.761228584648844
8302,10.761228584648844
8303,10.761228584648844
8304,10.761228584648844
8305,10.761228584648844
8306,10.761228584648844
8307,10.761228584648844
8308,10.761228584648844
8309,10.761228584648844
8310,10.761228584648844
8311,10.761228584648844
8312,10.761228584648844
8313,10.761228584648844
8314,10.761228584648844
8315,10.761228584648844
8316,10.761228584648844
8317,10.761228584648844
8318,10.761228584648844
8319,10.761228584648844
8320,10.761228584648844
8321,10.761228584648844
8322,10.761228584648844
8323,10.761228584648844
8324,10.761228584648844
8325,10.761228584648844
8326,10.761228584648844
8327,10.761228584648844
8328,10.761228584648844
8329,10.761228584648844
8330,10.761228584648844
8331,10.761228584648844
8332,10.761228584648844
8333,10.761228584648844
8334,10.761228584648844
8335,10.761228584648844
8336,10.761228584648844
8337,10.761228584648844
8338,10.761228584648844
8339,10.761228584648844
8340,10.761228584648844
8341,10.761228584648844
8342,10.761228584648844
8343,10.761228584648844
8344,10.761228584648844
8345,10.761228584648844
8346,10.761228584648844
8347,10.761228584648844
8348,10.761228584648844
8349,10.761228584648844
8350,10.761228584648844
8351,10.761228584648844
8352,10.761228584648844
8353,10.761228584648844
8354,10.761228584648844
8355,10.761228584648844
8356,10.761228584648844
8357,10.761228584648844
8358,10.761228584648844
8359,10.761228584648844
8360,10.761228584648844
8361,10.761228584648844
8362,10.761228584648844
8363,10.761228584648844
8364,10.761228584648844
8365,10.761228584648844
8366,10.761228584648844
8367,10.761228584648844
8368,10.761228584648844
8369,10.761228584648844
8370,10.761228584648844
8371,10.761228584648844
8372,10.761228584648844
8373,10.761228584648844
8374,10.761228584648844
8375,10.761228584648844
8376,10.761228584648844
8377,10.761228584648844
8378,10.761228584648844
8379,10.761228584648844
8380,10.761228584648844
8381,10.761228584648844
8382,10.761228584648844
8383,10.761228584648844
8384,10.761228584648844
8385,10.761228584648844
8386,10.761228584648844
8387,10.761228584648844
8388,10.761228584648844
8389,10.761228584648844
8390,10.761228584648844
8391,10.761228584648844
8392,10.761228584648844
8393,10.761228584648844
8394,10.761228584648844
8395,10.761228584648844
8396,10.761228584648844
8397,10.761228584648844
8398,10.761228584648844
8399,10.761228584648844
8400,10.761228584648844
8401,10.761228584648844
8402,10.761228584648844
8403,10.761228584648844
8404,10.761228584648844
8405,10.761228584648844
8406,10.761228584648844
8407,10.761228584648844
8408,10.761228584648844
8409,10.761228584648844
8410,10.761228584648844
8411,10.761228584648844
8412,10.761228584648844
8413,10.761228584648844
8414,10.761228584648844
8415,10.761228584648844
8416,10.761228584648844
8417,10.761228584648844
8418,10.761228584648844
8419,10.761228584648844
8420,10.761228584648844
8421,10.761228584648844
8422,10.761228584648844
8423,10.761228584648844
8424,10.761228584648844
8425,10.761228584648844
8426,10.761228584648844
8427,10.761228584648844
8428,10.761228584648844
8429,10.761228584648844
8430,10.761228584648844
8431,10.761228584648844
8432,10.761228584648844
8433,10.761228584648844
8434,10.761228584648844
8435,10.761228584648844
8436,10.761228584648844
8437,10.761228584648844
8438,10.761228584648844
8439,10.761228584648844
8440,10.761228584648844
8441,10.761228584648844
8442,10.761228584648844
8443,10.761228584648844
8444,10.761228584648844
8445,10.761228584648844
8446,10.761228584648844
8447,10.761228584648844
8448,10.761228584648844
8449,10.761228584648844
8450,10.761228584648844
8451,10.761228584648844
8452,10.761228584648844
8453,10.761228584648844
8454,10.761228584648844
8455,10.761228584648844
8456,10.761228584648844
8457,10.761228584648844
8458,10.761228584648844
8459,10.761228584648844
8460,10.761228584648844
8461,10.761228584648844
8462,10.761228584648844
8463,10.761228584648844
8464,10.761228584648844
8465,10.761228584648844
8466,10.761228584648844
8467,10.761228584648844
8468,10.761228584648844
8469,10.761228584648844
8470,10.761228584648844
8471,10.761228584648844
8472,10.761228584648844
8473,10.761228584648844
8474,10.761228584648844
8475,10.761228584648844
8476,10.761228584648844
8477,10.761228584648844
8478,10.761228584648844
8479,10.761228584648844
8480,10.761228584648844
8481,10.745122585927348
8482,10.745122585927348
8483,10.496883949160296
8484,10.496883949160296
8485,10.496883949160296
8486,10.496883949160296
8487,10.496883949160296
8488,10.496883949160296
8489,10.496883949160296
8490,10.496883949160296
8491,10.496883949160296
8492,10.496883949160296
8493,10.496883949160296
8494,10.496883949160296
8495,10.496883949160296
8496,10.496883949160296
8497,10.496883949160296
8498,10.496883949160296
8499,10.496883949160296
8500,10.496883949160296
8501,10.496883949160296
8502,10.496883949160296
8503,10.496883949160296
8504,10.496883949160296
8505,10.496883949160296
8506,10.496883949160296
8507,10.496883949160296
8508,10.496883949160296
8509,10.496883949160296
8510,10.496883949160296
8511,10.496883949160296
8512,10.496883949160296
8513,10.496883949160296
8514,10.496883949160296
8515,10.496883949160296
8516,10.496883949160296
8517,10.496883949160296
8518,10.496883949160296
8519,10.496883949160296
8520,10.496883949160296
8521,10.496883949160296
8522,10.496883949160296
8523,10.496883949160296
8524,10.496883949160296
8525,10.496883949160296
8526,10.496883949160296
8527,10.496883949160296
8528,10.496883949160296
8529,10.496883949160296
8530,10.496883949160296
8531,10.496883949160296
8532,10.496883949160296
8533,10.496883949160296
8534,10.496883949160296
8535,10.496883949160296
8536,10.496883949160296
8537,10.496883949160296
8538,10.496883949160296
8539,10.496883949160296
8540,10.496883949160296
8541,10.496883949160296
8542,10.496883949160296
8543,10.496883949160296
8544,10.496883949160296
8545,10.496883949160296
8546,10.496883949160296
8547,10.496883949160296
8548,10.496883949160296
8549,10.496883949160296
8550,10.496883949160296
8551,10.496883949160296
8552,10.496883949160296
8553,10.496883949160296
8554,10.496883949160296
8555,10.496883949160296
8556,10.496883949160296
8557,10.496883949160296
8558,10.496883949160296
8559,10.496883949160296
8560,10.496883949160296
8561,10.496883949160296
8562,10.496883949160296
8563,10.496883949160296
8564,10.496883949160296
8565,10.496883949160296
8566,10.496883949160296
8567,10.496883949160296
8568,10.496883949160296
8569,10.496883949160296
8570,10.496883949160296
8571,10.496883949160296
8572,10.496883949160296
8573,10.496883949160296
8574,10.496883949160296
8575,10.496883949160296
8576,10.496883949160296
8577,10.496883949160296
8578,10.496883949160296
8579,10.496883949160296
8580,10.496883949160296
8581,10.496883949160296
8582,10.496883949160296
8583,10.496883949160296
8584,10.496883949160296
8585,10.496883949160296
8586,10.496883949160296
8587,10.496883949160296
8588,10.496883949160296
8589,10.496883949160296
8590,10.496883949160296
8591,10.496883949160296
8592,10.496883949160296
8593,10.496883949160296
8594,10.496883949160296
8595,10.496883949160296
8596,10.496883949160296
8597,10.496883949160296
8598,10.496883949160296
8599,10.496883949160296
8600,10.496883949160296
8601,10.496883949160296
8602,10.496883949160296
8603,10.496883949160296
8604,10.496883949160296
8605,10.496883949160296
8606,10.496883949160296
8607,10.496883949160296
8608,10.496883949160296
8609,10.496883949160296
8610,10.496883949160296
8611,10.496883949160296
8612,10.496883949160296
8613,10.496883949160296
8614,10.496883949160296
8615,10.496883949160296
8616,10.496883949160296
8617,10.496883949160296
8618,10.496883949160296
8619,10.496883949160296
8620,10.496883949160296
8621,10.496883949160296
8622,10.496883949160296
8623,10.496883949160296
8624,10.496883949160296
8625,10.496883949160296
8626,10.496883949160296
8627,10.496883949160296
8628,10.496883949160296
8629,10.496883949160296
8630,10.496883949160296
8631,10.496883949160296
8632,10.496883949160296
8633,10.496883949160296
8634,10.496883949160296
8635,10.496883949160296
8636,10.496883949160296
8637,10.496883949160296
8638,10.496883949160296
8639,10.496883949160296
8640,10.496883949160296
8641,10.496883949160296
8642,10.496883949160296
8643,10.496883949160296
8644,10.496883949160296
8645,10.496883949160296
8646,10.496883949160296
8647,10.496883949160296
8648,10.496883949160296
8649,10.496883949160296
8650,10.496883949160296
8651,10.496883949160296
8652,10.496883949160296
8653,10.496883949160296
8654,10.496883949160296
8655,10.496883949160296
8656,10.496883949160296
8657,10.496883949160296
8658,10.496883949160296
8659,10.496883949160296
8660,10.496883949160296
8661,10.496883949160296
8662,10.496883949160296
8663,10.496883949160296
8664,10.496883949160296
8665,10.496883949160296
8666,10.496883949160296
8667,10.496883949160296
8668,10.496883949160296
8669,10.496883949160296
8670,10.496883949160296
8671,10.496883949160296
8672,10.496883949160296
8673,10.496883949160296
8674,10.496883949160296
8675,10.496883949160296
8676,10.496883949160296
8677,10.496883949160296
8678,10.496883949160296
8679,10.496883949160296
8680,10.496883949160296
8681,10.496883949160296
8682,10.496883949160296
8683,10.496883949160296
8684,10.496883949160296
8685,10.496883949160296
8686,10.496883949160296
8687,10.496883949160296
8688,10.496883949160296
8689,10.496883949160296
8690,10.496883949160296
8691,10.496883949160296
8692,10.496883949160296
8693,10.496883949160296
8694,10.496883949160296
8695,10.496883949160296
8696,10.496883949160296
8697,10.496883949160296
8698,10.496883949160296
8699,10.496883949160296
8700,10.496883949160296
8701,10.496883949160296
8702,10.496883949160296
8703,10.496883949160296
8704,10.496883949160296
8705,10.496883949160296
8706,10.496883949160296
8707,10.496883949160296
8708,10.496883949160296
8709,10.496883949160296
8710,10.496883949160296
8711,10.496883949160296
8712,10.496883949160296
8713,10.496883949160296
8714,10.496883949160296
8715,10.496883949160296
8716,10.496883949160296
8717,10.496883949160296
8718,10.496883949160296
8719,10.496883949160296
8720,10.496883949160296
8721,10.496883949160296
8722,10.496883949160296
8723,10.496883949160296
8724,10.496883949160296
8725,10.496883949160296
8726,10.496883949160296
8727,10.496883949160296
8728,10.496883949160296
8729,10.496883949160296
8730,10.496883949160296
8731,10.496883949160296
8732,10.496883949160296
8733,10.496883949160296
8734,10.496883949160296
8735,10.496883949160296
8736,10.496883949160296
8737,10.496883949160296
8738,10.496883949160296
8739,10.496883949160296
8740,10.496883949160296
8741,10.496883949160296
8742,10.496883949160296
8743,10.48547554518049
8744,10.48547554518049
8745,10.48547554518049
8746,10.48547554518049
8747,10.48547554518049
8748,10.48547554518049
8749,10.48547554518049
8750,10.48547554518049
8751,10.48547554518049
8752,10.48547554518049
8753,10.48547554518049
8754,10.48547554518049
8755,10.48547554518049
8756,10.48547554518049
8757,10.48547554518049
8758,10.48547554518049
8759,10.48547554518049
8760,10.48547554518049
8761,10.48547554518049
8762,10.48547554518049
8763,10.48547554518049
8764,10.48547554518049
8765,10.48547554518049
8766,10.48547554518049
8767,10.48547554518049
8768,10.48547554518049
8769,10.48547554518049
8770,10.48547554518049
8771,10.48547554518049
8772,10.48547554518049
8773,10.48547554518049
8774,10.48547554518049
8775,10.48547554518049
8776,10.48547554518049
8777,10.48547554518049
8778,10.48547554518049
8779,10.48547554518049
8780,10.48547554518049
8781,10.48547554518049
8782,10.48547554518049
8783,10.48547554518049
8784,10.48547554518049
8785,10.48547554518049
8786,10.48547554518049
8787,10.48547554518049
8788,10.48547554518049
8789,10.48547554518049
8790,10.48547554518049
8791,10.48547554518049
8792,10.48547554518049
8793,10.48547554518049
8794,10.48547554518049
8795,10.48547554518049
8796,10.48547554518049
8797,10.48547554518049
8798,10.48547554518049
8799,10.48547554518049
8800,10.48547554518049
8801,10.48547554518049
8802,10.48547554518049
8803,10.48547554518049
8804,10.48547554518049
8805,10.48547554518049
8806,10.48547554518049
8807,10.48547554518049
8808,10.48547554518049
8809,10.48547554518049
8810,10.48547554518049
8811,10.48547554518049
8812,10.48547554518049
8813,10.48547554518049
8814,10.48547554518049
8815,10.48547554518049
8816,10.48547554518049
8817,10.48547554518049
8818,10.48547554518049
8819,10.48547554518049
8820,10.48547554518049
8821,10.48547554518049
8822,10.48547554518049
8823,10.48547554518049
8824,10.48547554518049
8825,10.48547554518049
8826,10.48547554518049
8827,10.48547554518049
8828,10.48547554518049
8829,10.48547554518049
8830,10.48547554518049
8831,10.48547554518049
8832,10.48547554518049
8833,10.48547554518049
8834,10.48547554518049
8835,10.48547554518049
8836,10.48547554518049
8837,10.48547554518049
8838,10.48547554518049
8839,10.48547554518049
8840,10.48547554518049
8841,10.48547554518049
8842,10.48547554518049
8843,10.48547554518049
8844,10.48547554518049
8845,10.48547554518049
8846,10.48547554518049
8847,10.48547554518049
8848,10.48547554518049
8849,10.48547554518049
8850,10.48547554518049
8851,10.48547554518049
8852,10.48547554518049
8853,10.48547554518049
8854,10.48547554518049
8855,10.48547554518049
8856,10.48547554518049
8857,10.48547554518049
8858,10.48547554518049
8859,10.48547554518049
8860,10.48547554518049
8861,10.48547554518049
8862,10.48547554518049
8863,10.48547554518049
8864,10.48547554518049
8865,10.48547554518049
8866,10.48547554518049
8867,10.48547554518049
8868,10.48547554518049
8869,10.48547554518049
8870,10.48547554518049
8871,10.48547554518049
8872,10.48547554518049
8873,10.48547554518049
8874,10.48547554518049
8875,10.48547554518049
8876,10.48547554518049
8877,10.48547554518049
8878,10.48547554518049
8879,10.48547554518049
8880,10.48547554518049
8881,10.48547554518049
8882,10.442339241387725
8883,10.442339241387725
8884,10.442339241387725
8885,10.442339241387725
8886,10.442339241387725
8887,10.442339241387725
8888,10.442339241387725
8889,10.442339241387725
8890,10.442339241387725
8891,10.442339241387725
8892,10.442339241387725
8893,10.442339241387725
8894,10.442339241387725
8895,10.442339241387725
8896,10.442339241387725
8897,10.442339241387725
8898,10.442339241387725
8899,10.442339241387725
8900,10.442339241387725
8901,10.442339241387725
8902,10.442339241387725
8903,10.442339241387725
8904,10.442339241387725
8905,10.442339241387725
8906,10.442339241387725
8907,10.442339241387725
8908,10.442339241387725
8909,10.442339241387725
8910,10.442339241387725
8911,10.442339241387725
8912,10.442339241387725
8913,10.442339241387725
8914,10.442339241387725
8915,10.442339241387725
8916,10.442339241387725
8917,10.442339241387725
8918,10.442339241387725
8919,10.442339241387725
8920,10.442339241387725
8921,10.442339241387725
8922,10.442339241387725
8923,10.442339241387725
8924,10.442339241387725
8925,10.442339241387725
8926,10.442339241387725
8927,10.442339241387725
8928,10.442339241387725
8929,10.442339241387725
8930,10.442339241387725
8931,10.442339241387725
8932,10.442339241387725
8933,10.442339241387725
8934,10.442339241387725
8935,10.442339241387725
8936,10.442339241387725
8937,10.442339241387725
8938,10.442339241387725
8939,10.442339241387725
8940,10.442339241387725
8941,10.442339241387725
8942,10.442339241387725
8943,10.442339241387725
8944,10.442339241387725
8945,10.442339241387725
8946,10.442339241387725
8947,10.442339241387725
8948,10.442339241387725
8949,10.442339241387725
8950,10.442339241387725
8951,10.442339241387725
8952,10.442339241387725
8953,10.442339241387725
8954,10.442339241387725
8955,10.442339241387725
8956,10.442339241387725
8957,10.442339241387725
8958,10.442339241387725
8959,10.442339241387725
8960,10.442339241387725
8961,10.442339241387725
8962,10.442339241387725
8963,10.442339241387725
8964,10.442339241387725
8965,10.442339241387725
8966,10.442339241387725
8967,10.442339241387725
8968,10.442339241387725
8969,10.442339241387725
8970,10.442339241387725
8971,10.442339241387725
8972,10.442339241387725
8973,10.442339241387725
8974,10.442339241387725
8975,10.442339241387725
8976,10.442339241387725
8977,10.442339241387725
8978,10.442339241387725
8979,10.442339241387725
8980,10.442339241387725
8981,10.442339241387725
8982,10.442339241387725
8983,10.442339241387725
8984,10.442339241387725
8985,10.442339241387725
8986,10.442339241387725
8987,10.442339241387725
8988,10.442339241387725
8989,10.442339241387725
8990,10.442339241387725
8991,10.442339241387725
8992,10.442339241387725
8993,10.442339241387725
8994,10.442339241387725
8995,10.442339241387725
8996,10.442339241387725
8997,10.442339241387725
8998,10.442339241387725
8999,10.442339241387725
9000,10.442339241387725
9001,10.442339241387725
9002,10.442339241387725
9003,10.442339241387725
9004,10.442339241387725
9005,10.442339241387725
9006,10.442339241387725
9007,10.442339241387725
9008,10.442339241387725
9009,10.442339241387725
9010,10.442339241387725
9011,10.442339241387725
9012,10.442339241387725
9013,10.442339241387725
9014,10.442339241387725
9015,10.442339241387725
9016,10.442339241387725
9017,10.442339241387725
9018,10.442339241387725
9019,10.442339241387725
9020,10.442339241387725
9021,10.442339241387725
9022,10.442339241387725
9023,10.442339241387725
9024,10.442339241387725
9025,10.442339241387725
9026,10.442339241387725
9027,10.442339241387725
9028,10.442339241387725
9029,10.442339241387725
9030,10.442339241387725
9031,10.442339241387725
9032,10.442339241387725
9033,10.442339241387725
9034,10.442339241387725
9035,10.442339241387725
9036,10.442339241387725
9037,10.442339241387725
9038,10.442339241387725
9039,10.442339241387725
9040,10.442339241387725
9041,10.442339241387725
9042,10.442339241387725
9043,10.442339241387725
9044,10.442339241387725
9045,10.442339241387725
9046,10.442339241387725
9047,10.442339241387725
9048,10.442339241387725
9049,10.442339241387725
9050,10.442339241387725
9051,10.442339241387725
9052,10.442339241387725
9053,10.442339241387725
9054,10.442339241387725
9055,10.442339241387725
9056,10.442339241387725
9057,10.442339241387725
9058,10.442339241387725
9059,10.442339241387725
9060,10.442339241387725
9061,10.442339241387725
9062,10.442339241387725
9063,10.442339241387725
9064,10.442339241387725
9065,10.442339241387725
9066,10.442339241387725
9067,10.442339241387725
9068,10.442339241387725
9069,10.442339241387725
9070,10.442339241387725
9071,10.442339241387725
9072,10.442339241387725
9073,10.442339241387725
9074,10.442339241387725
9075,10.442339241387725
9076,10.442339241387725
9077,10.442339241387725
9078,10.442339241387725
9079,10.442339241387725
9080,10.442339241387725
9081,10.442339241387725
9082,10.442339241387725
9083,10.442339241387725
9084,10.442339241387725
9085,10.442339241387725
9086,10.442339241387725
9087,10.442339241387725
9088,10.442339241387725
9089,10.442339241387725
9090,10.442339241387725
9091,10.442339241387725
9092,10.442339241387725
9093,10.442339241387725
9094,10.442339241387725
9095,10.442339241387725
9096,10.442339241387725
9097,10.442339241387725
9098,10.442339241387725
9099,10.442339241387725
9100,10.442339241387725
9101,10.442339241387725
9102,10.442339241387725
9103,10.442339241387725
9104,10.442339241387725
9105,10.442339241387725
9106,10.442339241387725
9107,10.442339241387725
9108,10.442339241387725
9109,10.442339241387725
9110,10.442339241387725
9111,10.442339241387725
9112,10.442339241387725
9113,10.442339241387725
9114,10.442339241387725
9115,10.442339241387725
9116,10.442339241387725
9117,10.442339241387725
9118,10.442339241387725
9119,10.442339241387725
9120,10.442339241387725
9121,10.442339241387725
9122,10.442339241387725
9123,10.442339241387725
9124,10.442339241387725
9125,10.442339241387725
9126,10.442339241387725
9127,10.442339241387725
9128,10.442339241387725
9129,10.442339241387725
9130,10.442339241387725
9131,10.442339241387725
9132,10.442339241387725
9133,10.442339241387725
9134,10.442339241387725
9135,10.442339241387725
9136,10.442339241387725
9137,10.442339241387725
9138,10.442339241387725
9139,10.442339241387725
9140,10.442339241387725
9141,10.442339241387725
9142,10.338500187448028
9143,10.338500187448028
9144,10.338500187448028
9145,10.338500187448028
9146,10.338500187448028
9147,10.338500187448028
9148,10.338500187448028
9149,10.338500187448028
9150,10.338500187448028
9151,10.338500187448028
9152,10.26765200062821
9153,10.26765200062821
9154,10.26765200062821
9155,10.26765200062821
9156,10.26765200062821
9157,10.26765200062821
9158,10.26765200062821
9159,10.26765200062821
9160,10.26765200062821
9161,10.212058474848359
9162,10.212058474848359
9163,10.212058474848359
9164,10.212058474848359
9165,10.212058474848359
9166,10.212058474848359
9167,10.212058474848359
9168,10.212058474848359
9169,10.212058474848359
9170,10.212058474848359
9171,10.212058474848359
9172,10.212058474848359
9173,10.212058474848359
9174,10.212058474848359
9175,10.212058474848359
9176,10.212058474848359
9177,10.212058474848359
9178,10.212058474848359
9179,10.212058474848359
9180,10.212058474848359
9181,10.212058474848359
9182,10.212058474848359
9183,10.212058474848359
9184,10.212058474848359
9185,10.212058474848359
9186,10.212058474848359
9187,10.212058474848359
9188,10.212058474848359
9189,10.212058474848359
9190,10.212058474848359
9191,10.212058474848359
9192,10.212058474848359
9193,10.212058474848359
9194,10.212058474848359
9195,10.212058474848359
9196,10.212058474848359
9197,10.212058474848359
9198,10.212058474848359
9199,10.212058474848359
9200,10.212058474848359
9201,10.212058474848359
9202,10.212058474848359
9203,10.212058474848359
9204,10.212058474848359
9205,10.212058474848359
9206,10.212058474848359
9207,10.212058474848359
9208,10.212058474848359
9209,10.212058474848359
9210,10.212058474848359
9211,10.212058474848359
9212,10.212058474848359
9213,10.212058474848359
9214,10.212058474848359
9215,10.158730543819768
9216,10.158730543819768
9217,10.158730543819768
9218,10.158730543819768
9219,10.158730543819768
9220,10.158730543819768
9221,10.158730543819768
9222,10.158730543819768
9223,10.158730543819768
9224,10.158730543819768
9225,10.158730543819768
9226,10.158730543819768
9227,10.158730543819768
9228,10.158730543819768
9229,10.158730543819768
9230,10.158730543819768
9231,10.158730543819768
9232,10.158730543819768
9233,10.158730543819768
9234,10.158730543819768
9235,10.158730543819768
9236,10.158730543819768
9237,10.158730543819768
9238,10.158730543819768
9239,10.158730543819768
9240,10.158730543819768
9241,10.158730543819768
9242,10.158730543819768
9243,10.158730543819768
9244,10.158730543819768
9245,10.158730543819768
9246,10.158730543819768
9247,10.158730543819768
9248,10.158730543819768
9249,10.158730543819768
9250,10.158730543819768
9251,10.158730543819768
9252,10.158730543819768
9253,10.158730543819768
9254,10.158730543819768
9255,10.158730543819768
9256,10.158730543819768
9257,10.158730543819768
9258,10.158730543819768
9259,10.158730543819768
9260,10.158730543819768
9261,10.158730543819768
9262,10.158730543819768
9263,10.158730543819768
9264,10.158730543819768
9265,10.158730543819768
9266,10.158730543819768
9267,10.158730543819768
9268,10.158730543819768
9269,10.158730543819768
9270,10.158730543819768
9271,10.158730543819768
9272,10.158730543819768
9273,10.158730543819768
9274,10.158730543819768
9275,10.158730543819768
9276,10.158730543819768
9277,10.158730543819768
9278,10.158730543819768
9279,10.158730543819768
9280,10.158730543819768
9281,10.158730543819768
9282,10.158730543819768
9283,10.158730543819768
9284,10.158730543819768
9285,10.158730543819768
9286,10.158730543819768
9287,10.158730543819768
9288,10.158730543819768
9289,10.158730543819768
9290,10.158730543819768
9291,10.158730543819768
9292,10.158730543819768
9293,10.158730543819768
9294,10.158730543819768
9295,10.158730543819768
9296,10.158730543819768
9297,10.158730543819768
9298,10.158730543819768
9299,10.158730543819768
9300,10.158730543819768
9301,10.158730543819768
9302,10.158730543819768
9303,10.158730543819768
9304,10.158730543819768
9305,10.158730543819768
9306,10.158730543819768
9307,10.158730543819768
9308,10.158730543819768
9309,10.158730543819768
9310,10.158730543819768
9311,10.158730543819768
9312,10.158730543819768
9313,10.158730543819768
9314,10.158730543819768
9315,10.158730543819768
9316,10.158730543819768
9317,10.158730543819768
9318,10.158730543819768
9319,10.158730543819768
9320,10.158730543819768
9321,10.158730543819768
9322,10.158730543819768
9323,10.158730543819768
9324,10.158730543819768
9325,10.158730543819768
9326,10.158730543819768
9327,10.158730543819768
9328,10.158730543819768
9329,10.158730543819768
9330,10.158730543819768
9331,10.158730543819768
9332,10.158730543819768
9333,10.158730543819768
9334,10.158730543819768
9335,10.158730543819768
9336,10.158730543819768
9337,10.158730543819768
9338,10.158730543819768
9339,10.158730543819768
9340,10.158730543819768
9341,10.158730543819768
9342,10.158730543819768
9343,10.158730543819768
9344,10.158730543819768
9345,10.158730543819768
9346,10.158730543819768
9347,10.158730543819768
9348,10.158730543819768
9349,10.158730543819768
9350,10.158730543819768
9351,10.158730543819768
9352,10.158730543819768
9353,10.158730543819768
9354,10.158730543819768
9355,10.158730543819768
9356,10.158730543819768
9357,10.158730543819768
9358,10.158730543819768
9359,10.158730543819768
9360,10.158730543819768
9361,10.158730543819768
9362,10.158730543819768
9363,10.158730543819768
9364,10.158730543819768
9365,10.158730543819768
9366,10.158730543819768
9367,10.158730543819768
9368,10.158730543819768
9369,10.158730543819768
9370,10.158730543819768
9371,10.158730543819768
9372,10.158730543819768
9373,10.158730543819768
9374,10.150820321456933
9375,10.150820321456933
9376,10.150820321456933
9377,10.150820321456933
9378,10.150820321456933
9379,10.150820321456933
9380,10.150820321456933
9381,10.150820321456933
9382,10.150820321456933
9383,10.150820321456933
9384,10.150820321456933
9385,10.150820321456933
9386,10.150820321456933
9387,10.150820321456933
9388,10.150820321456933
9389,10.150820321456933
9390,10.150820321456933
9391,10.150820321456933
9392,10.150820321456933
9393,10.150820321456933
9394,10.150820321456933
9395,10.150820321456933
9396,10.150820321456933
9397,10.150820321456933
9398,10.150820321456933
9399,10.150820321456933
9400,10.150820321456933
9401,10.150820321456933
9402,10.150820321456933
9403,10.150820321456933
9404,10.150820321456933
9405,10.150820321456933
9406,10.150820321456933
9407,10.150820321456933
9408,10.150820321456933
9409,10.150820321456933
9410,10.150820321456933
9411,10.150820321456933
9412,10.150820321456933
9413,10.150820321456933
9414,10.150820321456933
9415,10.150820321456933
9416,10.150820321456933
9417,10.150820321456933
9418,10.150820321456933
9419,10.150820321456933
9420,10.150820321456933
9421,10.150820321456933
9422,10.150820321456933
9423,10.150820321456933
9424,10.150820321456933
9425,10.150820321456933
9426,10.150820321456933
9427,10.150820321456933
9428,10.150820321456933
9429,10.150820321456933
9430,10.150820321456933
9431,10.150820321456933
9432,10.150820321456933
9433,10.150820321456933
9434,10.150820321456933
9435,10.150820321456933
9436,10.150820321456933
9437,10.150820321456933
9438,10.150820321456933
9439,10.150820321456933
9440,10.150820321456933
9441,10.150820321456933
9442,10.150820321456933
9443,10.150820321456933
9444,10.150820321456933
9445,10.150820321456933
9446,10.150820321456933
9447,10.150820321456933
9448,10.150820321456933
9449,10.150820321456933
9450,10.150820321456933
9451,10.150820321456933
9452,10.150820321456933
9453,10.150820321456933
9454,10.150820321456933
9455,10.150820321456933
9456,10.150820321456933
9457,10.150820321456933
9458,10.150820321456933
9459,10.150820321456933
9460,10.150820321456933
9461,10.150820321456933
9462,10.150820321456933
9463,10.150820321456933
9464,10.150820321456933
9465,10.150820321456933
9466,10.150820321456933
9467,10.150820321456933
9468,10.150820321456933
9469,10.150820321456933
9470,10.150820321456933
9471,10.150820321456933
9472,10.150820321456933
9473,10.150820321456933
9474,10.150820321456933
9475,10.150820321456933
9476,10.150820321456933
9477,10.150820321456933
9478,10.150820321456933
9479,10.150820321456933
9480,10.150820321456933
9481,10.139251797654854
9482,10.139251797654854
9483,10.139251797654854
9484,10.139251797654854
9485,10.139251797654854
9486,10.139251797654854
9487,10.139251797654854
9488,10.139251797654854
9489,10.139251797654854
9490,10.139251797654854
9491,10.139251797654854
9492,10.139251797654854
9493,10.139251797654854
9494,10.139251797654854
9495,10.139251797654854
9496,10.139251797654854
9497,10.139251797654854
9498,10.139251797654854
9499,10.139251797654854
9500,10.139251797654854
9501,10.139251797654854
9502,10.139251797654854
9503,10.139251797654854
9504,10.139251797654854
9505,10.139251797654854
9506,10.139251797654854
9507,10.139251797654854
9508,10.06800668540356
9509,10.06800668540356
9510,10.06800668540356
9511,10.06800668540356
9512,10.06800668540356
9513,10.06800668540356
9514,10.06800668540356
9515,10.06800668540356
9516,10.06800668540356
9517,10.06800668540356
9518,10.06800668540356
9519,10.06800668540356
9520,10.06800668540356
9521,10.06800668540356
9522,10.06800668540356
9523,10.06800668540356
9524,10.06800668540356
9525,10.06800668540356
9526,10.06800668540356
9527,10.06800668540356
9528,10.06800668540356
9529,10.06800668540356
9530,10.06800668540356
9531,10.06800668540356
9532,10.06800668540356
9533,10.06800668540356
9534,10.06800668540356
9535,10.06800668540356
9536,10.06800668540356
9537,10.06800668540356
9538,10.06800668540356
9539,10.06800668540356
9540,10.06800668540356
9541,10.06800668540356
9542,10.06800668540356
9543,10.06800668540356
9544,10.06800668540356
9545,10.06800668540356
9546,10.06800668540356
9547,10.06800668540356
9548,10.06800668540356
9549,10.06800668540356
9550,10.06800668540356
9551,10.06800668540356
9552,10.06800668540356
9553,10.06800668540356
9554,10.06800668540356
9555,10.06800668540356
9556,10.06800668540356
9557,10.06800668540356
9558,10.06800668540356
9559,10.06800668540356
9560,10.06800668540356
9561,10.06800668540356
9562,10.06800668540356
9563,10.06800668540356
9564,10.06800668540356
9565,10.06800668540356
9566,10.06800668540356
9567,10.06800668540356
9568,10.06800668540356
9569,10.06800668540356
9570,10.06800668540356
9571,10.06800668540356
9572,10.06800668540356
9573,10.06800668540356
9574,10.06800668540356
9575,10.06800668540356
9576,10.06800668540356
9577,10.06800668540356
9578,10.06800668540356
9579,10.06800668540356
9580,10.06800668540356
9581,10.06800668540356
9582,10.06800668540356
9583,10.06800668540356
9584,10.06800668540356
9585,10.06800668540356
9586,10.06800668540356
9587,10.06800668540356
9588,10.06800668540356
9589,10.06800668540356
9590,10.06800668540356
9591,10.06800668540356
9592,10.06800668540356
9593,10.06800668540356
9594,10.06800668540356
9595,10.06800668540356
9596,10.06800668540356
9597,10.06800668540356
9598,10.06800668540356
9599,10.06800668540356
9600,10.06800668540356
9601,10.06800668540356
9602,10.06800668540356
9603,10.06800668540356
9604,10.06800668540356
9605,10.06800668540356
9606,10.06800668540356
9607,10.06800668540356
9608,10.06800668540356
9609,10.06800668540356
9610,10.06800668540356
9611,10.06800668540356
9612,10.06800668540356
9613,10.06800668540356
9614,10.06800668540356
9615,10.06800668540356
9616,10.06800668540356
9617,10.06800668540356
9618,10.06800668540356
9619,10.06800668540356
9620,10.06800668540356
9621,10.06800668540356
9622,10.06800668540356
9623,10.06800668540356
9624,10.06800668540356
9625,10.06800668540356
9626,10.06800668540356
9627,10.06800668540356
9628,10.06800668540356
9629,10.06800668540356
9630,10.059634354798085
9631,10.059634354798085
9632,10.048681722331965
9633,10.048681722331965
9634,10.048681722331965
9635,10.048681722331965
9636,10.048681722331965
9637,10.048681722331965
9638,10.048681722331965
9639,10.048681722331965
9640,10.048681722331965
9641,10.048681722331965
9642,10.048681722331965
9643,10.048681722331965
9644,10.048681722331965
9645,10.048681722331965
9646,10.048681722331965
9647,10.048681722331965
9648,10.048681722331965
9649,10.048681722331965
9650,10.048681722331965
9651,10.048681722331965
9652,10.048681722331965
9653,10.048681722331965
9654,10.048681722331965
9655,10.048681722331965
9656,10.048681722331965
9657,10.048681722331965
9658,10.048681722331965
9659,10.048681722331965
9660,10.048681722331965
9661,10.048681722331965
9662,10.048681722331965
9663,10.048681722331965
9664,10.048681722331965
9665,10.048681722331965
9666,10.048681722331965
9667,10.048681722331965
9668,10.048681722331965
9669,10.048681722331965
9670,10.048681722331965
9671,10.048681722331965
9672,10.048681722331965
9673,10.048681722331965
9674,10.048681722331965
9675,10.048681722331965
9676,10.048681722331965
9677,10.048681722331965
9678,10.048681722331965
9679,10.048681722331965
9680,10.048681722331965
9681,10.048681722331965
9682,10.048681722331965
9683,10.048681722331965
9684,10.048681722331965
9685,10.048681722331965
9686,10.046252685283497
9687,10.046252685283497
9688,10.046252685283497
9689,10.046252685283497
9690,10.046252685283497
9691,10.046252685283497
9692,10.046252685283497
9693,10.046252685283497
9694,10.046252685283497
9695,10.046252685283497
9696,10.046252685283497
9697,10.046252685283497
9698,10.046252685283497
9699,10.046252685283497
9700,10.046252685283497
9701,10.046252685283497
9702,10.046252685283497
9703,10.046252685283497
9704,10.046252685283497
9705,10.046252685283497
9706,10.046252685283497
9707,10.046252685283497
9708,10.046252685283497
9709,10.046252685283497
9710,10.046252685283497
9711,10.046252685283497
9712,10.046252685283497
9713,10.046252685283497
9714,10.046252685283497
9715,10.046252685283497
9716,10.046252685283497
9717,10.046252685283497
9718,10.046252685283497
9719,10.046252685283497
9720,10.046252685283497
9721,10.046252685283497
9722,10.046252685283497
9723,10.046252685283497
9724,10.046252685283497
9725,10.046252685283497
9726,10.046252685283497
9727,10.046252685283497
9728,10.046252685283497
9729,10.046252685283497
9730,10.046252685283497
9731,10.046252685283497
9732,10.046252685283497
9733,10.046252685283497
9734,10.046252685283497
9735,10.046252685283497
9736,10.046252685283497
9737,10.046252685283497
9738,10.046252685283497
9739,10.046252685283497
9740,10.046252685283497
9741,10.046252685283497
9742,10.046252685283497
9743,10.046252685283497
9744,10.046252685283497
9745,10.046252685283497
9746,10.046252685283497
9747,10.046252685283497
9748,10.046252685283497
9749,10.046252685283497
9750,10.046252685283497
9751,10.046252685283497
9752,10.046252685283497
9753,10.046252685283497
9754,10.046252685283497
9755,10.046252685283497
9756,10.046252685283497
9757,10.046252685283497
9758,10.046252685283497
9759,10.046252685283497
9760,10.046252685283497
9761,10.046252685283497
9762,10.046252685283497
9763,10.046252685283497
9764,10.046252685283497
9765,10.046252685283497
9766,10.046252685283497
9767,10.046252685283497
9768,10.046252685283497
9769,10.046252685283497
9770,10.046252685283497
9771,10.046252685283497
9772,10.046252685283497
9773,10.046252685283497
9774,10.046252685283497
9775,10.046252685283497
9776,10.046252685283497
9777,10.046252685283497
9778,10.046252685283497
9779,10.046252685283497
9780,10.046252685283497
9781,10.046252685283497
9782,10.046252685283497
9783,10.046252685283497
9784,10.046252685283497
9785,10.046252685283497
9786,10.046252685283497
9787,10.046252685283497
9788,10.046252685283497
9789,10.046252685283497
9790,10.046252685283497
9791,10.046252685283497
9792,10.046252685283497
9793,10.046252685283497
9794,10.046252685283497
9795,10.046252685283497
9796,10.046252685283497
9797,10.046252685283497
9798,10.046252685283497
9799,10.046252685283497
9800,10.046252685283497
9801,10.046252685283497
9802,10.046252685283497
9803,10.046252685283497
9804,10.046252685283497
9805,10.046252685283497
9806,10.046252685283497
9807,10.046252685283497
9808,10.046252685283497
9809,10.046252685283497
9810,10.046252685283497
9811,10.046252685283497
9812,10.046252685283497
9813,10.046252685283497
9814,10.046252685283497
9815,10.046252685283497
9816,10.046252685283497
9817,10.046252685283497
9818,10.046252685283497
9819,10.046252685283497
9820,10.046252685283497
9821,10.046252685283497
9822,10.046252685283497
9823,10.046252685283497
9824,10.046252685283497
9825,10.046252685283497
9826,10.046252685283497
9827,10.046252685283497
9828,10.046252685283497
9829,10.046252685283497
9830,10.046252685283497
9831,10.046252685283497
9832,10.046252685283497
9833,10.046252685283497
9834,10.046252685283497
9835,10.046252685283497
9836,10.046252685283497
9837,10.046252685283497
9838,10.046252685283497
9839,10.046252685283497
9840,10.046252685283497
9841,10.046252685283497
9842,10.046252685283497
9843,10.046252685283497
9844,10.046252685283497
9845,10.046252685283497
9846,10.046252685283497
9847,10.046252685283497
9848,10.046252685283497
9849,10.046252685283497
9850,10.046252685283497
9851,10.046252685283497
9852,10.046252685283497
9853,10.046252685283497
9854,10.046252685283497
9855,10.046252685283497
9856,10.046252685283497
9857,10.046252685283497
9858,10.046252685283497
9859,10.046252685283497
9860,10.046252685283497
9861,10.046252685283497
9862,10.046252685283497
9863,10.046252685283497
9864,10.046252685283497
9865,10.046252685283497
9866,10.046252685283497
9867,10.046252685283497
9868,10.046252685283497
9869,10.046252685283497
9870,10.046252685283497
9871,10.046252685283497
9872,10.046252685283497
9873,10.046252685283497
9874,10.046252685283497
9875,10.046252685283497
9876,10.046252685283497
9877,10.046252685283497
9878,10.046252685283497
9879,10.046252685283497
9880,10.046252685283497
9881,10.046252685283497
9882,10.046252685283497
9883,10.046252685283497
9884,10.046252685283497
9885,10.046252685283497
9886,10.046252685283497
9887,10.046252685283497
9888,10.046252685283497
9889,10.046252685283497
9890,10.046252685283497
9891,10.046252685283497
9892,10.046252685283497
9893,10.046252685283497
9894,10.046252685283497
9895,10.046252685283497
9896,10.028281887396675
9897,10.028281887396675
9898,10.028281887396675
9899,10.028281887396675
9900,10.028281887396675
9901,10.028281887396675
9902,10.028281887396675
9903,10.028281887396675
9904,10.028281887396675
9905,10.028281887396675
9906,10.028281887396675
9907,10.028281887396675
9908,10.028281887396675
9909,10.028281887396675
9910,10.028281887396675
9911,10.028281887396675
9912,10.028281887396675
9913,10.028281887396675
9914,10.028281887396675
9915,10.028281887396675
9916,10.028281887396675
9917,10.028281887396675
9918,10.028281887396675
9919,10.028281887396675
9920,10.028281887396675
9921,10.028281887396675
9922,10.028281887396675
9923,10.028281887396675
9924,10.028281887396675
9925,10.028281887396675
9926,10.028281887396675
9927,10.028281887396675
9928,10.028281887396675
9929,10.028281887396675
9930,10.028281887396675
9931,10.028281887396675
9932,10.028281887396675
9933,10.028281887396675
9934,10.028281887396675
9935,10.028281887396675
9936,10.028281887396675
9937,10.028281887396675
9938,10.028281887396675
9939,10.028281887396675
9940,10.028281887396675
9941,10.028281887396675
9942,10.028281887396675
9943,10.028281887396675
9944,10.028281887396675
9945,10.028281887396675
9946,10.028281887396675
9947,10.028281887396675
9948,10.028281887396675
9949,10.028281887396675
9950,10.028281887396675
9951,10.028281887396675
9952,10.028281887396675
9953,10.028281887396675
9954,10.028281887396675
9955,10.028281887396675
9956,10.028281887396675
9957,10.028281887396675
9958,10.028281887396675
9959,10.028281887396675
9960,10.028281887396675
9961,10.028281887396675
9962,10.028281887396675
9963,10.028281887396675
9964,10.028281887396675
9965,10.028281887396675
9966,10.028281887396675
9967,10.028281887396675
9968,10.028281887396675
9969,10.028281887396675
9970,10.028281887396675
9971,10.028281887396675
9972,10.028281887396675
9973,10.028281887396675
9974,10.028281887396675
9975,10.028281887396675
9976,10.028281887396675
9977,10.028281887396675
9978,10.028281887396675
9979,10.028281887396675
9980,10.028281887396675
9981,10.028281887396675
9982,10.028281887396675
9983,10.028281887396675
9984,10.028281887396675
9985,10.028281887396675
9986,10.028281887396675
9987,10.028281887396675
9988,10.028281887396675
9989,10.028281887396675
9990,10.028281887396675
9991,10.028281887396675
9992,10.028281887396675
9993,10.028281887396675
9994,10.028281887396675
9995,10.028281887396675
9996,10.028281887396675
9997,10.028281887396675
9998,10.028281887396675
9999,10.028281887396675
10000,10.028281887396675
